X-ray Energies (in keV)

MAXZ 92

DATA
12  Mg
1.2530 1.3022 0.0000 


0.0000 0.0000 0.0000 

0.0000 0.0000 0.0000 

0.0000 0.0000 0.0000 


0.0000 0.0000 0.0000 


13  Al
1.4865 1.5574 0.0000 


0.0000 0.0000 0.0000 

0.0000 0.0000 0.0000 

0.0000 0.0000 0.0000 


0.0000 0.0000 0.0000 


14  Si
1.7396 1.8359 0.0000 


0.0000 0.0000 0.0000 

0.0000 0.0000 0.0000 

0.0000 0.0000 0.0000 


0.0000 0.0000 0.0000 


15  P 
2.0137 2.1390 0.0000 


0.0000 0.0000 0.0000 

0.0000 0.0000 0.0000 

0.0000 0.0000 0.0000 


0.0000 0.0000 0.0000 


16  S 
2.3070 2.4650 0.0000 


0.0000 0.0000 0.0000 

0.0000 0.0000 0.0000 

0.0000 0.0000 0.0000 


0.0000 0.0000 0.0000 


17  Cl
2.6220 2.8156 0.0000 


0.0000 0.0000 0.0000 

0.0000 0.0000 0.0000 

0.0000 0.0000 0.0000 


0.0000 0.0000 0.0000 


18  Ar
2.9570 3.1905 0.0000 


0.0000 0.0000 0.0000 

0.0000 0.0000 0.0000 

0.0000 0.0000 0.0000 


0.0000 0.0000 0.0000 


19  K 
3.3130 3.5890 0.0000 


0.0000 0.0000 0.0000 

0.0000 0.0000 0.0000 

0.0000 0.0000 0.0000 


0.0000 0.0000 0.0000 


20  Ca
3.6900 4.0130 0.0000 


0.0000 0.0000 0.0000 

0.0000 0.0000 0.0000 

0.0000 0.0000 0.0000 


0.0000 0.0000 0.0000 


21  Sc
4.0900 4.4605 0.0000 


0.0000 0.0000 0.0000 

0.0000 0.0000 0.0000 

0.0000 0.0000 0.0000 


0.0000 0.0000 0.0000 


22  Ti
4.5100 4.9320 0.0000 


0.0000 0.0000 0.0000 

0.0000 0.0000 0.0000 

0.0000 0.0000 0.0000 


0.0000 0.0000 0.0000 


23  V 
4.9510 5.4270 0.0000 


0.0000 0.0000 0.0000 

0.0000 0.0000 0.0000 

0.0000 0.0000 0.0000 


0.0000 0.0000 0.0000 


24  Cr
5.4140 5.9467 0.0000 


0.0000 0.0000 0.0000 

0.0000 0.0000 0.0000 

0.0000 0.0000 0.0000 


0.0000 0.0000 0.0000 


25  Mn
5.8987 6.4905 0.0000 


0.0000 0.0000 0.0000 

0.0000 0.0000 0.0000 

0.0000 0.0000 0.0000 


0.0000 0.0000 0.0000 


26  Fe
6.4038 7.0580 0.0000 


0.0000 0.0000 0.0000 

0.0000 0.0000 0.0000 

0.0000 0.0000 0.0000 


0.0000 0.0000 0.0000 


27  Co
6.9290 7.6494 0.0000 


0.0000 0.0000 0.0000 

0.0000 0.0000 0.0000 

0.0000 0.0000 0.0000 


0.0000 0.0000 0.0000 


28  Ni
7.4770 8.2647 0.0000 


0.0000 0.0000 0.0000 

0.0000 0.0000 0.0000 

0.0000 0.0000 0.0000 


0.0000 0.0000 0.0000 


29  Cu
8.0460 8.9029 0.0000 


0.0000 0.0000 0.0000 

0.0000 0.0000 0.0000 

0.0000 0.0000 0.0000 


0.0000 0.0000 0.0000 


30  Zn
8.6370 9.5720 9.6580 


1.0117 0.0000 0.0000 

1.0347 0.0000 0.0000 

0.0000 0.0000 0.0000 


0.0000 0.0000 0.0000 


31  Ga
9.2517 10.2630 10.3663 


1.0979 0.0000 0.0000 

1.1248 0.0000 0.0000 

0.0000 0.0000 0.0000 


0.0000 0.0000 0.0000 


32  Ge
9.8850 10.9800 11.1008 


1.1880 0.0000 1.0362 

1.2185 0.0000 1.0680 

1.2940 1.2860 0.0000 


0.0000 0.0000 0.0000 


33  As
10.5437 11.7262 11.8642 


1.2820 0.0000 1.1198 

1.3170 0.0000 1.1550 

1.3884 0.0000 0.0000 


0.0000 0.0000 0.0000 


34  Se
11.2224 12.4959 12.6522 


1.3790 0.0000 1.2044 

1.4190 0.0000 1.2446 

1.4900 0.0000 0.0000 


0.0000 0.0000 0.0000 


35  Br
11.9242 13.2914 13.4695 


1.4800 0.0000 1.2935 

1.5260 0.0000 1.3396 

1.5960 0.0000 0.0000 


0.0000 0.0000 0.0000 


36  Kr
12.6490 14.1120 14.3150 


1.5860 0.0000 0.0000 

1.6360 0.0000 0.0000 

1.7070 0.0000 0.0000 


0.0000 0.0000 0.0000 


37  Rb
13.9530 14.9613 15.1854 


1.6940 0.0000 1.4824 

1.7520 0.0000 1.5418 

1.8266 0.0000 0.0000 


0.0000 0.0000 0.0000 


38  Sr
14.1650 15.8357 16.0846 


1.8060 0.0000 1.5822 

1.8710 0.0000 1.6493 

1.9472 0.0000 0.0000 


0.0000 0.0000 0.0000 


39  Y 
14.9584 16.7378 17.0154 


1.9220 0.0000 1.6854 

1.9950 0.0000 1.7610 

2.0722 0.0000 0.0000 


0.0000 0.0000 0.0000 


40  Zr
15.7751 17.6678 17.9700 


2.0420 2.2194 1.7920 

2.1240 2.3027 1.8765 

2.2010 0.0000 0.0000 


0.0000 0.0000 0.0000 


41  Nb
16.6151 18.6225 18.9530 


2.1660 2.3670 1.9023 

2.2570 2.4618 1.9962 

2.3348 0.0000 0.0000 


0.0000 0.0000 0.0000 


42  Mo
17.4793 19.6083 19.9652 


2.2930 2.5180 2.0157 

2.3940 2.6235 2.1202 

2.4730 0.0000 0.0000 


0.0000 0.0000 0.0000 


43  Tc
18.3671 20.6190 21.0050 


2.4240 0.0000 0.0000 

2.5368 0.0000 0.0000 

0.0000 0.0000 0.0000 


0.0000 0.0000 0.0000 


44  Ru
19.2760 21.6530 22.0700 


2.5580 2.8350 2.2528 

2.6830 2.9645 2.3820 

2.7634 0.0000 0.0000 


0.0000 0.0000 0.0000 


45  Rh
20.2130 22.7200 23.1690 


2.6960 3.0010 2.3765 

2.8340 3.1438 2.5191 

2.9157 0.0000 0.0000 


0.0000 0.0000 0.0000 


46  Pd
21.1740 23.8150 24.3950 


2.8380 3.1710 2.5034 

2.9900 3.3287 2.6603 

3.0730 0.0000 0.0000 


0.0000 0.0000 0.0000 


47  Ag
22.1590 24.9380 25.4520 


2.9840 3.3470 2.6337 

3.1500 3.5196 2.8061 

3.2345 3.2035 3.7498 


0.0000 0.0000 0.0000 


48  Cd
23.1720 26.0930 26.6410 


3.1330 3.5280 2.7674 

3.3160 3.7169 2.9568 

3.4015 3.3672 0.0000 


0.0000 0.0000 0.0000 


49  In
24.2097 27.2759 27.8608 


3.2860 3.7130 2.9044 

3.4870 3.9208 3.1125 

3.5731 3.5353 4.1605 


0.0000 0.0000 0.0000 


50  Sn
25.2713 28.4860 29.1093 


3.4430 3.9040 3.0450 

3.6620 4.1311 3.2723 

3.7500 3.7083 4.3768 


0.0000 0.0000 0.0000 


51  Sb
26.2760 29.7256 30.3895 


3.6040 4.1000 3.1886 

3.8430 4.3478 3.4366 

3.9327 3.8864 4.5999 


0.0000 0.0000 0.0000 


52  Te
27.3820 30.9957 31.7004 


3.7690 4.3010 3.3356 

4.0290 4.5709 3.6059 

4.1204 4.0695 4.8290 


0.0000 0.0000 0.0000 


53  I 
28.5140 32.2394 33.0420 


3.9370 4.5070 3.4850 

4.2200 4.8009 3.7801 

4.3134 4.2575 5.0657 


0.0000 0.0000 0.0000 


54  Xe
0.0000 0.0000 0.0000 


0.0000 0.0000 0.0000 

0.0000 0.0000 0.0000 

0.0000 0.0000 0.0000 


0.0000 0.0000 0.0000 


55  Cs
30.9728 34.9869 35.8220 


4.2860 4.9350 3.7950 

4.6190 5.2804 4.1421 

4.7167 4.6494 5.5527 


0.0000 0.0000 0.0000 


56  Ba
32.1936 36.3782 37.2570 


4.4650 5.1560 3.9541 

4.8270 5.5311 4.3309 

4.9269 4.8519 5.8092 


0.0000 0.0000 0.0000 


57  La
0.0000 0.0000 0.0000 


4.6500 5.3830 4.1240 

5.0410 5.7885 4.5250 

5.1434 5.0620 6.0740 


0.0000 0.0000 0.0000 


58  Ce
0.0000 0.0000 0.0000 


4.8390 5.6120 4.2875 

5.2610 6.0520 4.7315 

5.3651 5.2765 6.3409 


0.0000 0.0000 0.0000 


59  Pr
0.0000 0.0000 0.0000 


5.0330 5.8490 4.4532 

5.4880 6.3221 4.9350 

5.5918 5.4981 6.6160 


0.0000 0.0000 0.0000 


60  Nd
0.0000 0.0000 0.0000 


5.2290 6.0880 4.6330 

5.7210 6.6021 5.1457 

5.8294 5.7216 6.9020 


0.0000 0.0000 0.0000 


61  Pm
0.0000 0.0000 0.0000 


5.4320 6.3380 0.0000 

5.9600 0.0000 0.0000 

0.0000 0.0000 0.0000 


0.0000 0.0000 0.0000 


62  Sm
0.0000 0.0000 0.0000 


5.6350 6.5860 4.9945 

6.2050 7.1780 5.5892 

6.3180 6.1963 7.4867 


0.0000 0.0000 0.0000 


63  Eu
0.0000 0.0000 0.0000 


5.8450 6.8420 5.1772 

6.4550 7.4803 5.8166 

6.5713 6.4389 7.7961 


0.0000 0.0000 0.0000 


64  Gd
0.0000 0.0000 0.0000 


6.0560 7.1020 5.3621 

6.7120 7.7858 6.0495 

6.8311 6.6871 8.1050 


0.0000 0.0000 0.0000 


65  Tb
0.0000 0.0000 0.0000 


6.2720 7.3650 5.6467 

6.9770 8.1020 6.2839 

7.0959 6.9403 8.4230 


0.0000 0.0000 0.0000 


66  Dy
0.0000 0.0000 0.0000 


6.4940 7.6340 5.7431 

7.2460 8.4188 6.5342 

7.3702 7.2039 8.7532 


0.0000 0.0000 0.0000 


67  Ho
0.0000 0.0000 0.0000 


6.7190 7.9100 5.9434 

7.5240 8.7470 6.7883 

7.6519 7.4708 9.0870 


0.0000 0.0000 0.0000 


68  Er
0.0000 0.0000 0.0000 


6.9470 8.1880 6.1520 

7.8090 9.0890 7.0579 

7.9392 7.7453 9.4309 


0.0000 0.0000 0.0000 


69  Tm
0.0000 0.0000 0.0000 


7.1730 8.4240 6.3419 

8.1000 9.4260 7.3088 

8.2310 8.0260 9.7790 


0.0000 0.0000 0.0000 


70  Yb
0.0000 0.0000 0.0000 


7.4140 8.7570 9.5455 

8.4000 9.8701 7.5802 

8.5367 8.3132 10.1431 


0.0000 0.0000 0.0000 


71  Lu
0.0000 0.0000 0.0000 


7.6540 9.0470 6.7528 

8.7080 10.1434 7.8575 

8.8469 8.6064 10.5110 


0.0000 0.0000 0.0000 


72  Hf
0.0000 0.0000 0.0000 


7.8980 9.3460 6.9596 

9.0210 10.5158 8.1393 

9.1634 8.9054 10.8907 


0.0000 0.0000 0.0000 


73  Ta
0.0000 0.0000 0.0000 


8.1450 9.6520 7.1731 

9.3420 10.8952 8.4280 

9.4875 9.2124 11.2776 


0.0000 0.0000 0.0000 


74  W 
0.0000 0.0000 0.0000 


8.3960 9.9600 7.3878 

9.6710 11.2859 8.7243 

9.8188 9.5252 11.6743 


0.0000 0.0000 0.0000 


75  Re
0.0000 0.0000 0.0000 


8.6510 10.2740 7.6036 

10.0080 11.6854 9.0272 

10.1598 9.8463 12.0824 


0.0000 0.0000 0.0000 


76  Os
0.0000 0.0000 0.0000 


8.9100 10.5970 7.8222 

10.3540 12.0973 9.3370 

10.5108 10.1754 12.4998 


0.0000 0.0000 0.0000 


77  Ir
0.0000 0.0000 0.0000 


9.1740 10.9190 8.0458 

10.7060 12.5126 9.6522 

10.8674 10.5106 12.9240 


0.0000 0.0000 0.0000 


78  Pt
0.0000 0.0000 0.0000 


9.4410 11.2490 8.2680 

11.0690 12.9420 9.9750 

11.2308 10.8543 12.3613 


0.0000 0.0000 0.0000 


79  Au
0.0000 0.0000 0.0000 


9.7120 11.5830 8.4939 

11.4400 13.3817 10.3083 

11.6103 11.2047 13.8090 


0.0000 0.0000 0.0000 


80  Hg
0.0000 0.0000 0.0000 


9.9870 11.9220 8.7210 

11.8210 13.8310 10.6512 

11.9953 11.5630 14.2650 


0.0000 0.0000 0.0000 


81  Tl
0.0000 0.0000 0.0000 


10.2670 12.2700 8.9532 

12.2110 14.2915 10.9943 

12.3904 11.9306 14.7368 


0.0000 0.0000 0.0000 


82  Pb
0.0000 0.0000 0.0000 


10.5500 12.6210 9.1845 

12.6120 14.7644 11.3493 

12.7933 12.3060 15.2180 


0.0000 0.0000 0.0000 


83  Bi
0.0000 0.0000 0.0000 


10.8370 12.9780 9.4204 

13.0210 15.2477 11.7122 

13.2098 12.6912 15.7102 


0.0000 0.0000 0.0000 


84  Po
0.0000 0.0000 0.0000 


11.1308 13.3404 0.0000 

13.4470 0.0000 0.0000 

0.0000 0.0000 0.0000 


0.0000 0.0000 0.0000 


85  At
0.0000 0.0000 0.0000 


11.4268 0.0000 0.0000 

13.8760 0.0000 0.0000 

0.0000 0.0000 0.0000 


0.0000 0.0000 0.0000 


86  Rn
0.0000 0.0000 0.0000 


11.7270 0.0000 0.0000 

14.3160 0.0000 0.0000 

0.0000 0.0000 0.0000 


0.0000 0.0000 0.0000 


87  Fr
0.0000 0.0000 0.0000 


12.0313 0.0000 0.0000 

14.7700 0.0000 0.0000 

0.0000 0.0000 0.0000 


0.0000 0.0000 0.0000 


88  Ra
0.0000 0.0000 0.0000 


12.3400 14.8390 10.6222 

15.2360 17.8490 13.6630 

15.4449 14.7472 18.3570 


0.0000 0.0000 0.0000 


89  Ac
0.0000 0.0000 0.0000 


12.6520 0.0000 0.0000 

15.7130 0.0000 0.0000 

0.0000 0.0000 0.0000 


0.0000 0.0000 0.0000 


90  Th
0.0000 0.0000 0.0000 


12.9690 15.6240 11.1186 

16.2020 18.9825 14.5099 

16.4258 15.6429 19.5070 


0.0000 0.0000 0.0000 


91  Pa
0.0000 0.0000 0.0000 


13.2907 0.0000 0.0000 

16.7020 0.0000 0.0000 

0.0000 0.0000 0.0000 


0.0000 0.0000 0.0000 


92  U 
0.0000 0.0000 0.0000 


13.6120 16.4250 11.6183 

17.2170 20.1671 15.3997 

17.4550 16.5753 20.7127 


0.0000 0.0000 0.0000 



