 1  2
 99.99 0.015
 1.007825 2.014102
 2  2
 .00014 100.00
 3.016029 4.002603
 3  2
 7.42 92.58
 6.015123 7.016005
 4  1
 100.00
 9.012183
 5  2
 19.80 80.20
 10.012938 11.009305
 6  2
 98.90 1.10
 12.000000 13.003355
 7  2
 99.63 0.37
 14.003074 15.000109
 8  3
 99.76 0.038 0.20
 15.994915 16.999131 17.999159
 9  1
 100.00
 18.998403
10  3
 90.60 0.26 9.20
 19.992439 20.993845 21.991384
11  1
 100.00
 22.989770
12  3
 78.90 10.00 11.10
 23.985045 24.985839 25.982595
13  1
 100.00
 26.981541
14  3
 92.23 4.67 3.10
 27.976928 28.976496 29.973772
15  1
 100.00
 30.973763
16  4
 95.02 0.75 4.21 0.020
 31.972072 32.971459 33.967868 35.967079
17  2
 75.77 24.23
 34.968853 36.965903
18  3
 0.34 0.063 99.60
 35.967546 37.962732 39.962383
19  3
 93.20 0.012 6.73
 38.963708 39.963999 40.961825
20  6
 96.95 0.65 0.14 2.086 0.004 0.19
 39.962591 41.958622 42.958770 43.955485 45.953689 47.952532
21  1
 100.00
 44.955914
22  5
 8.00 7.30 73.80 5.50 5.40
 45.952633 46.951765 47.947947 48.947871 49.944786
23  2
 0.25 99.75
 49.947161 50.943963
24  4
 4.35 83.79 9.50 2.36
 49.946046 51.940510 52.940651 53.938882
25  1
 100.00
 54.938046
26  4
 5.80 91.72 2.20 0.28
 53.939612 55.934939 56.935396 57.933278
27  1
 100.00
 58.933198
28  5
 68.27 26.10 1.13 3.59 0.91
 57.935347 59.930789 60.931059 61.928346 63.927968
29  2
 69.17 30.83
 62.929599 64.927792
30  5
 48.60 27.90 4.10 18.80 0.60
 63.929145 65.926035 66.927129 67.924846 69.925325
31  2
 60.10 39.90
 68.925581 70.924701
32  5
 20.50 27.40 7.80 36.50 7.80
 69.924250 71.922080 72.923464 73.921179 75.921403
33  1
 100.00
 74.921596
34  6
 0.90 9.00 7.60 23.50 49.60 9.40
 73.922477 75.919207 76.919908 77.917304 79.916521 81.916709
35  2
 50.69 49.31
 78.918336 80.916290
36  6
 0.35 2.25 11.60 11.50 57.00 17.30
 77.920397 79.916375 81.913483 82.914134 83.911506 85.910614
37  2
 72.17 27.84
 84.911800 86.909184
38  4
 0.56 9.86 7.00 82.58
 83.913428 85.909273 86.908902 87.905625
39  1
 100.00
 88.905856
40  5
 51.45 11.27 17.17 17.33 2.78
 89.904708 90.905644 91.905039 93.906319 95.908272
41  1
 100.00
 92.906378
42  7
 14.84 9.25 15.92 16.68 9.55 24.13 9.63
 91.906809 93.905086 94.905838 95.904676 96.906018 97.905405 99.907473
43  1
 100.00
 98.906300
44  7
 5.52 1.88 12.70 12.60 17.00 31.60 18.70
 95.907596 97.905287 98.905937 99.904218 100.905581 101.90434 103.905422
45  1
 100.00
 102.905503
46  6
 1.02 11.14 22.33 27.33 26.46 11.72
 101.905609 103.904026 104.905075 105.903475 107.903894 109.905169
47  2
 51.84 48.16
 106.905095 108.904754
48  8
 1.25 0.89 12.49 12.80 24.13 12.22 28.73 7.49
 105.906461 107.904186 109.903007 110.904182 111.902761 112.904401 113.903361 115.904758
49  2
 4.30 95.70
 112.904056 114.903875
50 10
 0.97 0.65 0.36 14.70 7.70 24.30 8.60 32.40 4.60 5.60
 111.904826 113.902784 114.903348 115.901744 116.902954 117.901607 118.903310 119.902199 121.903440 123.905271
51  2
 57.30 42.70
 120.903824 122.904222
52  8
 0.096 2.60 0.91 4.82 7.14 18.95 31.69 33.80
 119.904021 121.903055 122.904278 123.902825 124.904435 125.903310 127.904464 129.906229
53  1
 100.00
 126.904477
54  9
 0.10 0.09 1.91 26.40 4.10 21.20 26.90 10.40 8.90
 123.905894 125.904281 127.903531 128.904780 129.903510 130.905076 131.904148 133.905395 135.907219
55  1
 100.00
 132.905433
56  7
 0.11 0.10 2.42 6.59 7.85 11.23 71.70
 129.906277 131.905042 133.904490 134.905668 135.904556 136.905816 137.905236
57  2
 0.09 99.91
 137.907114 138.906355
58  4
 0.19 0.25 88.48 11.08
 135.907140 137.905996 139.905442 141.909249
59  1
 100.00
 140.907657
60  7
 27.13 12.18 23.80 8.30 17.19 5.76 5.64
 141.907731 142.909823 143.910096 144.912582 145.913126 147.916901 149.920900
61  1
 100.00
 146.9151
62  7
 3.10 15.00 11.30 13.80 7.40 26.70 22.70
 143.912009 146.914907 147.914832 148.917193 149.917285 151.919741 153.922218
63  2
 47.80 52.20
 150.919860 152.921243
64  7
 0.200 2.18 14.80 20.47 15.65 24.84 21.86
 151.919803 153.920876 154.822629 155.922130 156.923967 157.924111 159.927061
65  1
 100.00
 158.925350
66  7
 0.060 0.10 2.34 18.90 25.50 24.90 28.20
 155.924287 157.924412 159.925203 160.926939 161.926805 162.928737 163.929183
67  1
 100.00
 164.930332
68  6
 0.14 1.61 33.60 22.95 26.80 14.90
 161.928787 163.929211 165.930305 166.932061 167.932383 169.935476
69  1
 100.00
 168.934225
70  7
 0.13 3.05 14.30 21.90 16.12 31.80 12.70
 167.933908 169.934774 170.936338 171.936393 172.938222 173.938873 175.942576
71  2
 97.40 2.60
 174.940785 175.942694
72  6
 0.16 5.20 18.60 27.10 13.74 35.20
 173.940065 175.941420 176.943233 177.943710 178.945827 179.946561
73  2
 0.012 99.99
 179.947489 180.948014
74  5
 0.13 26.30 14.30 30.67 28.60
 179.946727 181.948225 182.950245 183.950953 185.954377
75  2
 37.40 62.60
 184.952977 186.955765
76  7
 0.02 1.58 1.60 13.30 16.10 26.40 41.00
 183.952514 185.953852 186.955762 187.955850 188.958156 189.958455 191.961487
77  2
 37.30 62.70
 190.960603 192.962942
78  6
 0.010 0.79 32.90 33.80 25.30 7.20
 189.959937 191.961049 193.962679 194.964785 195.964947 197.967879
79  1
 100.00
 196.966560
80  7
 0.15 10.10 17.00 23.10 13.20 29.65 6.80
 195.965812 197.966760 198.968269 199.968316 200.970293 201.970632 203.973481
81  2
 29.52 70.48
 202.972336 204.974410
82  4
 1.40 24.10 22.10 52.40
 203.973037 205.974455 206.975885 207.976641
83  1
 100.00
 208.980388
84  1
 100.00
 208.9824
85  1
 100.00
 209.9871
86  1
 100.00
 222.0176
87  1
 100.00
 223.0197
88  1
 100.00
 226.0254
89  1
 100.00
 227.0278
90  1
 100.00
 232.038054
91  1
 100.00
 231.03588
92  3
 0.006 0.72 99.27
 234.040947 235.043925 238.050786
