<Source>IBANDL plus, Nuno P. Barradas fit </Source>, 
<Created> File created 09-10-2009 17:17:27 by Nuno P. Barradas</Created> 
<Comment> </Comment>
<Reaction> </Reaction>
<EnergyRange> </EnergyRange>
<AnglesNumber> 20 </AnglesNumber>
<EnergiesNumber> 91</EnergiesNumber>
<Data>
,01, 05, 10, 15, 20, 25, 30, 35, 40, 45, 50, 55, 60, 65, 70, 75, 80, 85, 89, 90
1000, 1.242, 1.24, 1.232, 1.22, 1.203, 1.183, 1.16, 1.135, 1.11, 1.085, 1.062, 1.041, 1.023, 1.01, 1.001, 0.997, 0.997, 0.999, 1, 1
1100, 1.314, 1.311, 1.301, 1.284, 1.262, 1.235, 1.205, 1.173, 1.14, 1.108, 1.078, 1.052, 1.03, 1.013, 1.002, 0.997, 0.996, 0.999, 1, 1
1200, 1.398, 1.394, 1.38, 1.359, 1.33, 1.295, 1.256, 1.215, 1.174, 1.134, 1.097, 1.064, 1.037, 1.017, 1.004, 0.997, 0.996, 0.998, 1, 1
1300, 1.494, 1.488, 1.471, 1.443, 1.406, 1.362, 1.314, 1.262, 1.211, 1.162, 1.117, 1.077, 1.045, 1.021, 1.005, 0.997, 0.995, 0.998, 1, 1
1400, 1.603, 1.596, 1.574, 1.539, 1.492, 1.438, 1.377, 1.314, 1.252, 1.192, 1.138, 1.091, 1.053, 1.025, 1.007, 0.997, 0.995, 0.998, 1, 1
1500, 1.726, 1.717, 1.69, 1.646, 1.588, 1.521, 1.447, 1.371, 1.295, 1.224, 1.161, 1.106, 1.062, 1.029, 1.008, 0.997, 0.995, 0.998, 1, 1
1600, 1.864, 1.853, 1.819, 1.765, 1.695, 1.613, 1.524, 1.432, 1.343, 1.259, 1.184, 1.121, 1.071, 1.034, 1.009, 0.997, 0.994, 0.997, 1, 1
1700, 2.019, 2.005, 1.964, 1.898, 1.813, 1.714, 1.608, 1.499, 1.393, 1.296, 1.209, 1.137, 1.079, 1.038, 1.011, 0.997, 0.994, 0.997, 1, 1
1800, 2.191, 2.175, 2.125, 2.046, 1.943, 1.825, 1.699, 1.571, 1.447, 1.334, 1.235, 1.153, 1.088, 1.042, 1.012, 0.997, 0.994, 0.997, 1, 1
1900, 2.383, 2.363, 2.303, 2.208, 2.086, 1.946, 1.797, 1.648, 1.505, 1.375, 1.262, 1.169, 1.097, 1.045, 1.013, 0.997, 0.993, 0.997, 1, 1
2000, 2.596, 2.572, 2.5, 2.388, 2.244, 2.079, 1.904, 1.73, 1.566, 1.417, 1.29, 1.185, 1.105, 1.049, 1.013, 0.996, 0.993, 0.997, 1, 1
2100, 2.832, 2.803, 2.718, 2.585, 2.416, 2.223, 2.02, 1.819, 1.63, 1.462, 1.318, 1.202, 1.113, 1.051, 1.014, 0.995, 0.992, 0.996, 1, 1
2200, 3.092, 3.059, 2.959, 2.802, 2.603, 2.379, 2.144, 1.914, 1.699, 1.508, 1.347, 1.218, 1.121, 1.054, 1.013, 0.994, 0.991, 0.996, 1, 1
2300, 3.38, 3.341, 3.223, 3.04, 2.809, 2.548, 2.278, 2.014, 1.771, 1.556, 1.377, 1.234, 1.128, 1.056, 1.013, 0.993, 0.99, 0.996, 1, 1
2400, 3.696, 3.651, 3.514, 3.301, 3.032, 2.732, 2.422, 2.122, 1.847, 1.607, 1.407, 1.25, 1.135, 1.057, 1.012, 0.992, 0.989, 0.996, 1, 1
2500, 4.045, 3.992, 3.832, 3.586, 3.276, 2.931, 2.577, 2.237, 1.927, 1.659, 1.438, 1.266, 1.141, 1.058, 1.01, 0.99, 0.988, 0.995, 1, 1
2600, 4.428, 4.367, 4.182, 3.897, 3.541, 3.146, 2.743, 2.358, 2.011, 1.713, 1.469, 1.282, 1.146, 1.057, 1.008, 0.987, 0.987, 0.995, 1, 1
2700, 4.849, 4.778, 4.565, 4.237, 3.829, 3.378, 2.921, 2.488, 2.1, 1.769, 1.501, 1.297, 1.151, 1.057, 1.005, 0.985, 0.985, 0.995, 1, 1
2800, 5.311, 5.229, 4.984, 4.608, 4.141, 3.629, 3.112, 2.626, 2.193, 1.827, 1.533, 1.311, 1.155, 1.055, 1.001, 0.982, 0.984, 0.994, 1, 1
2900, 5.817, 5.724, 5.443, 5.012, 4.48, 3.899, 3.317, 2.772, 2.29, 1.887, 1.566, 1.325, 1.158, 1.052, 0.997, 0.978, 0.982, 0.994, 1, 1
3000, 6.371, 6.264, 5.943, 5.452, 4.848, 4.191, 3.536, 2.927, 2.393, 1.949, 1.599, 1.339, 1.16, 1.049, 0.992, 0.974, 0.98, 0.993, 1, 1
3100, 6.978, 6.855, 6.489, 5.931, 5.247, 4.505, 3.771, 3.092, 2.501, 2.013, 1.632, 1.352, 1.161, 1.044, 0.986, 0.969, 0.977, 0.993, 1, 1
3200, 7.64, 7.501, 7.085, 6.452, 5.678, 4.844, 4.021, 3.266, 2.614, 2.08, 1.666, 1.364, 1.161, 1.039, 0.979, 0.964, 0.975, 0.992, 1, 1
3300, 8.364, 8.206, 7.734, 7.018, 6.145, 5.208, 4.29, 3.452, 2.733, 2.149, 1.7, 1.376, 1.16, 1.032, 0.972, 0.958, 0.972, 0.992, 1, 1
3400, 9.154, 8.975, 8.441, 7.633, 6.65, 5.6, 4.577, 3.648, 2.857, 2.22, 1.734, 1.387, 1.158, 1.024, 0.963, 0.952, 0.968, 0.991, 1, 1
3500, 10.016, 9.813, 9.21, 8.299, 7.196, 6.022, 4.883, 3.857, 2.988, 2.294, 1.769, 1.398, 1.155, 1.015, 0.953, 0.945, 0.965, 0.99, 1, 1
3600, 10.955, 10.726, 10.047, 9.022, 7.786, 6.475, 5.211, 4.078, 3.126, 2.37, 1.805, 1.407, 1.15, 1.005, 0.943, 0.937, 0.961, 0.989, 1, 1
3700, 11.977, 11.72, 10.956, 9.806, 8.422, 6.962, 5.561, 4.313, 3.27, 2.45, 1.84, 1.416, 1.145, 0.994, 0.932, 0.929, 0.957, 0.988, 1, 1
3800, 13.09, 12.801, 11.943, 10.655, 9.11, 7.486, 5.934, 4.561, 3.422, 2.532, 1.877, 1.424, 1.138, 0.981, 0.919, 0.92, 0.952, 0.987, 1, 1
3900, 14.3, 13.976, 13.015, 11.574, 9.851, 8.047, 6.333, 4.825, 3.582, 2.618, 1.913, 1.432, 1.13, 0.968, 0.905, 0.91, 0.947, 0.986, 1, 1
4000, 15.615, 15.252, 14.177, 12.569, 10.65, 8.65, 6.759, 5.104, 3.75, 2.707, 1.951, 1.439, 1.122, 0.953, 0.891, 0.899, 0.942, 0.985, 1, 1
4100, 17.044, 16.638, 15.437, 13.644, 11.512, 9.297, 7.213, 5.4, 3.926, 2.8, 1.99, 1.446, 1.112, 0.936, 0.875, 0.888, 0.936, 0.983, 1, 1
4200, 18.594, 18.14, 16.801, 14.806, 12.439, 9.991, 7.698, 5.714, 4.112, 2.897, 2.029, 1.452, 1.101, 0.919, 0.858, 0.875, 0.93, 0.982, 1, 1
4300, 20.275, 19.769, 18.278, 16.061, 13.438, 10.735, 8.215, 6.047, 4.308, 2.998, 2.07, 1.458, 1.089, 0.901, 0.84, 0.862, 0.923, 0.98, 1, 1
4400, 22.096, 21.534, 19.876, 17.415, 14.512, 11.532, 8.766, 6.4, 4.514, 3.103, 2.112, 1.463, 1.076, 0.881, 0.822, 0.848, 0.916, 0.979, 1, 1
4500, 24.069, 23.444, 21.603, 18.875, 15.667, 12.385, 9.353, 6.775, 4.731, 3.214, 2.156, 1.469, 1.063, 0.861, 0.802, 0.834, 0.908, 0.977, 1, 1
4600, 26.203, 25.51, 23.469, 20.449, 16.908, 13.298, 9.979, 7.171, 4.96, 3.33, 2.202, 1.475, 1.049, 0.839, 0.781, 0.818, 0.9, 0.975, 1, 1
4700, 28.511, 27.743, 25.482, 22.145, 18.241, 14.275, 10.645, 7.591, 5.202, 3.452, 2.251, 1.482, 1.035, 0.817, 0.759, 0.801, 0.891, 0.972, 1, 1
4800, 31.004, 30.154, 27.654, 23.969, 19.67, 15.32, 11.355, 8.037, 5.457, 3.58, 2.302, 1.489, 1.02, 0.794, 0.736, 0.784, 0.882, 0.97, 1, 1
4900, 33.695, 32.755, 29.994, 25.931, 21.204, 16.436, 12.11, 8.509, 5.726, 3.715, 2.356, 1.498, 1.006, 0.771, 0.712, 0.766, 0.872, 0.967, 1, 1
5000, 36.597, 35.559, 32.513, 28.039, 22.846, 17.627, 12.912, 9.008, 6.009, 3.858, 2.413, 1.509, 0.993, 0.747, 0.688, 0.747, 0.861, 0.965, 1, 1
5100, 39.723, 38.578, 35.223, 30.302, 24.605, 18.898, 13.765, 9.537, 6.309, 4.009, 2.475, 1.521, 0.98, 0.724, 0.663, 0.727, 0.85, 0.962, 1, 1
5200, 43.087, 41.827, 38.135, 32.729, 26.485, 20.253, 14.671, 10.097, 6.626, 4.169, 2.542, 1.536, 0.968, 0.7, 0.637, 0.706, 0.839, 0.959, 0.999, 1
5300, 46.704, 45.318, 41.26, 35.328, 28.495, 21.696, 15.633, 10.69, 6.961, 4.339, 2.614, 1.554, 0.958, 0.677, 0.611, 0.685, 0.826, 0.955, 0.999, 1
5400, 50.588, 49.065, 44.611, 38.11, 30.639, 23.231, 16.652, 11.316, 7.314, 4.519, 2.692, 1.576, 0.951, 0.655, 0.585, 0.663, 0.814, 0.952, 0.999, 1
5500, 54.753, 53.082, 48.199, 41.083, 32.925, 24.862, 17.732, 11.978, 7.688, 4.71, 2.777, 1.603, 0.946, 0.635, 0.559, 0.641, 0.8, 0.948, 0.999, 1
5600, 59.213, 57.382, 52.036, 44.257, 35.359, 26.594, 18.875, 12.677, 8.082, 4.914, 2.87, 1.634, 0.944, 0.616, 0.534, 0.618, 0.786, 0.944, 0.999, 1
5700, 63.983, 61.98, 56.133, 47.639, 37.947, 28.43, 20.083, 13.414, 8.499, 5.131, 2.972, 1.673, 0.947, 0.599, 0.508, 0.594, 0.772, 0.94, 0.999, 1
5800, 69.077, 66.887, 60.501, 51.239, 40.695, 30.374, 21.358, 14.191, 8.939, 5.363, 3.084, 1.718, 0.955, 0.585, 0.484, 0.571, 0.757, 0.935, 0.999, 1
5900, 74.506, 72.116, 65.151, 55.064, 43.607, 32.428, 22.703, 15.009, 9.404, 5.61, 3.207, 1.772, 0.969, 0.574, 0.461, 0.547, 0.741, 0.93, 0.999, 1
6000, 80.283, 77.678, 70.091, 59.12, 46.689, 34.596, 24.118, 15.869, 9.894, 5.874, 3.342, 1.835, 0.989, 0.568, 0.44, 0.523, 0.725, 0.925, 0.999, 1
6100, 86.418, 83.582, 75.33, 63.415, 49.943, 36.879, 25.606, 16.773, 10.41, 6.156, 3.49, 1.909, 1.017, 0.566, 0.42, 0.499, 0.709, 0.92, 0.998, 1
6200, 92.92, 89.837, 80.874, 67.951, 53.372, 39.28, 27.166, 17.72, 10.954, 6.457, 3.654, 1.994, 1.054, 0.569, 0.403, 0.476, 0.692, 0.915, 0.998, 1
6300, 99.794, 96.449, 86.728, 72.732, 56.979, 41.797, 28.798, 18.712, 11.527, 6.779, 3.834, 2.093, 1.101, 0.579, 0.389, 0.454, 0.675, 0.909, 0.998, 1
6400, 107.045, 103.42, 92.893, 77.759, 60.762, 44.432, 30.504, 19.748, 12.128, 7.122, 4.032, 2.207, 1.159, 0.596, 0.378, 0.432, 0.658, 0.903, 0.998, 1
6500, 114.674, 110.752, 99.37, 83.031, 64.721, 47.182, 32.281, 20.829, 12.759, 7.487, 4.249, 2.337, 1.23, 0.621, 0.372, 0.411, 0.641, 0.897, 0.998, 1
6600, 122.677, 118.441, 106.155, 88.544, 68.851, 50.044, 34.128, 21.953, 13.42, 7.877, 4.487, 2.485, 1.314, 0.655, 0.37, 0.392, 0.623, 0.891, 0.997, 1
6700, 131.049, 126.48, 113.243, 94.292, 73.148, 53.015, 36.042, 23.12, 14.112, 8.292, 4.747, 2.652, 1.414, 0.699, 0.372, 0.375, 0.606, 0.884, 0.997, 1
6800, 139.777, 134.86, 120.622, 100.266, 77.603, 56.088, 38.02, 24.327, 14.834, 8.733, 5.031, 2.839, 1.529, 0.754, 0.381, 0.359, 0.589, 0.878, 0.997, 1
6900, 148.848, 143.565, 128.278, 106.454, 82.208, 59.257, 40.057, 25.574, 15.586, 9.201, 5.339, 3.049, 1.662, 0.82, 0.396, 0.346, 0.572, 0.871, 0.997, 1
7000, 158.238, 152.574, 136.193, 112.839, 86.948, 62.512, 42.147, 26.857, 16.367, 9.696, 5.674, 3.283, 1.814, 0.9, 0.418, 0.336, 0.556, 0.864, 0.996, 1
7100, 167.925, 161.863, 144.344, 119.402, 91.81, 65.844, 44.285, 28.173, 17.176, 10.219, 6.037, 3.541, 1.986, 0.993, 0.447, 0.328, 0.54, 0.857, 0.996, 1
7200, 177.875, 171.401, 152.705, 126.122, 96.775, 69.239, 46.462, 29.518, 18.013, 10.771, 6.428, 3.825, 2.179, 1.1, 0.485, 0.324, 0.525, 0.85, 0.996, 1
7300, 188.053, 181.154, 161.243, 132.971, 101.825, 72.684, 48.671, 30.888, 18.876, 11.35, 6.848, 4.136, 2.393, 1.222, 0.531, 0.323, 0.511, 0.843, 0.995, 1
7400, 198.416, 191.081, 169.923, 139.92, 106.935, 76.163, 50.901, 32.278, 19.762, 11.958, 7.298, 4.475, 2.63, 1.36, 0.586, 0.327, 0.498, 0.836, 0.995, 1
7500, 208.92, 201.138, 178.705, 146.937, 112.083, 79.661, 53.142, 33.682, 20.67, 12.593, 7.778, 4.842, 2.89, 1.515, 0.65, 0.334, 0.486, 0.829, 0.994, 1
7600, 219.513, 211.276, 187.546, 153.986, 117.242, 83.158, 55.384, 35.094, 21.596, 13.255, 8.288, 5.238, 3.174, 1.685, 0.724, 0.346, 0.476, 0.823, 0.994, 1
7700, 230.141, 221.442, 196.4, 161.031, 122.383, 86.636, 57.614, 36.509, 22.538, 13.942, 8.827, 5.661, 3.48, 1.872, 0.808, 0.363, 0.467, 0.816, 0.994, 1
7800, 240.747, 231.584, 205.22, 168.032, 127.479, 90.077, 59.822, 37.92, 23.493, 14.653, 9.395, 6.113, 3.81, 2.076, 0.902, 0.385, 0.459, 0.81, 0.993, 1
7900, 251.274, 241.645, 213.956, 174.95, 132.501, 93.459, 61.996, 39.32, 24.457, 15.387, 9.99, 6.592, 4.163, 2.296, 1.006, 0.411, 0.454, 0.804, 0.993, 1
8000, 261.661, 251.567, 222.558, 181.745, 137.419, 96.765, 64.123, 40.703, 25.426, 16.14, 10.612, 7.097, 4.538, 2.532, 1.12, 0.442, 0.45, 0.798, 0.992, 1
8100, 271.851, 261.295, 230.978, 188.378, 142.205, 99.975, 66.192, 42.061, 26.397, 16.911, 11.259, 7.627, 4.933, 2.784, 1.243, 0.479, 0.448, 0.792, 0.992, 1
8200, 281.786, 270.774, 239.168, 194.812, 146.832, 103.072, 68.192, 43.39, 27.366, 17.697, 11.929, 8.181, 5.349, 3.05, 1.375, 0.52, 0.448, 0.787, 0.992, 1
8300, 291.412, 279.953, 247.083, 201.012, 151.274, 106.038, 70.114, 44.682, 28.33, 18.496, 12.619, 8.756, 5.782, 3.329, 1.517, 0.566, 0.45, 0.783, 0.991, 1
8400, 300.679, 288.783, 254.681, 206.944, 155.509, 108.86, 71.948, 45.933, 29.284, 19.305, 13.328, 9.35, 6.233, 3.621, 1.666, 0.617, 0.454, 0.779, 0.991, 1
8500, 309.541, 297.221, 261.926, 212.581, 159.517, 111.524, 73.687, 47.137, 30.227, 20.121, 14.052, 9.961, 6.698, 3.924, 1.823, 0.672, 0.46, 0.775, 0.99, 1
8600, 317.958, 305.23, 268.786, 217.896, 163.28, 114.019, 75.323, 48.292, 31.153, 20.942, 14.788, 10.587, 7.176, 4.237, 1.987, 0.731, 0.468, 0.772, 0.99, 1
8700, 325.897, 312.777, 275.232, 222.871, 166.784, 116.336, 76.852, 49.392, 32.061, 21.764, 15.536, 11.225, 7.665, 4.559, 2.157, 0.794, 0.478, 0.769, 0.99, 1
8800, 333.331, 319.837, 281.245, 227.488, 170.019, 118.469, 78.27, 50.436, 32.949, 22.584, 16.29, 11.873, 8.162, 4.887, 2.332, 0.86, 0.49, 0.767, 0.989, 1
8900, 340.24, 326.391, 286.807, 231.738, 172.978, 120.416, 79.575, 51.421, 33.813, 23.402, 17.05, 12.527, 8.667, 5.222, 2.512, 0.93, 0.503, 0.765, 0.989, 1
9000, 346.611, 332.427, 291.911, 235.613, 175.657, 122.172, 80.766, 52.347, 34.653, 24.213, 17.812, 13.187, 9.176, 5.56, 2.695, 1.002, 0.518, 0.764, 0.989, 1
9100, 352.437, 337.94, 296.551, 239.111, 178.057, 123.741, 81.843, 53.214, 35.468, 25.017, 18.574, 13.848, 9.687, 5.901, 2.881, 1.077, 0.534, 0.763, 0.988, 1
9200, 357.718, 342.928, 300.73, 242.236, 180.18, 125.123, 82.808, 54.021, 36.255, 25.811, 19.333, 14.509, 10.199, 6.243, 3.068, 1.153, 0.552, 0.763, 0.988, 1
9300, 362.46, 347.399, 304.453, 244.993, 182.032, 126.325, 83.664, 54.77, 37.015, 26.594, 20.088, 15.169, 10.711, 6.585, 3.257, 1.231, 0.571, 0.763, 0.988, 1
9400, 366.674, 351.364, 307.73, 247.391, 183.622, 127.351, 84.415, 55.462, 37.748, 27.364, 20.836, 15.824, 11.219, 6.927, 3.446, 1.31, 0.591, 0.763, 0.987, 1
9500, 370.375, 354.837, 310.578, 249.445, 184.958, 128.209, 85.065, 56.099, 38.453, 28.121, 21.577, 16.474, 11.724, 7.266, 3.635, 1.39, 0.611, 0.764, 0.987, 1
9600, 373.584, 357.838, 313.011, 251.168, 186.055, 128.909, 85.619, 56.685, 39.131, 28.863, 22.308, 17.117, 12.223, 7.602, 3.822, 1.47, 0.633, 0.766, 0.987, 1
9700, 376.324, 360.389, 315.052, 252.579, 186.924, 129.459, 86.085, 57.221, 39.784, 29.591, 23.029, 17.751, 12.716, 7.933, 4.009, 1.551, 0.655, 0.767, 0.987, 1
9800, 378.619, 362.515, 316.723, 253.694, 187.581, 129.869, 86.466, 57.71, 40.411, 30.303, 23.739, 18.376, 13.202, 8.261, 4.193, 1.631, 0.678, 0.769, 0.987, 1
9900, 380.496, 364.242, 318.046, 254.535, 188.04, 130.15, 86.771, 58.157, 41.014, 30.999, 24.436, 18.991, 13.679, 8.583, 4.375, 1.711, 0.701, 0.771, 0.986, 1
10000, 381.986, 365.598, 319.047, 255.122, 188.316, 130.312, 87.005, 58.564, 41.593, 31.68, 25.121, 19.594, 14.148, 8.899, 4.554, 1.791, 0.724, 0.773, 0.986, 1
</Data>