<Source> SigmaCalcv1.6 (r33) </Source> 
<Created> File created 09-10-2009 17:17:27 by Nuno P. Barradas</Created> 
<Comment>  </Comment> 
<Reaction>  </Reaction> 
<EnergyRange>1000 2992</EnergyRange>
<AnglesNumber>  37 </AnglesNumber> 
<EnergiesNumber>  250 </EnergiesNumber> 
<Data> 
, 1, 5, 10, 15, 20, 25, 30, 35, 40, 45, 50, 55, 60, 65, 70, 75, 80, 85, 90, 95, 100, 105, 110, 115, 120, 125, 130, 135, 140, 145, 150, 155, 160, 165, 170, 175, 180
1000, 1, 1, 1, 1, 1, 1, 1.001, 1.001, 1.001, 1.001, 1.001, 1.001, 1.001, 1.001, 1, 0.999, 0.998, 0.997, 0.996, 0.996, 0.995, 0.994, 0.993, 0.992, 0.991, 0.99, 0.99, 0.989, 0.989, 0.988, 0.988, 0.988, 0.988, 0.988, 0.988, 0.988, 0.988
1008, 1, 1, 1, 1, 1, 1, 1.001, 1.001, 1.001, 1.001, 1.001, 1.001, 1.001, 1, 1, 0.999, 0.998, 0.997, 0.996, 0.995, 0.995, 0.994, 0.993, 0.992, 0.991, 0.99, 0.99, 0.989, 0.989, 0.988, 0.988, 0.988, 0.988, 0.988, 0.988, 0.988, 0.988
1016, 1, 1, 1, 1, 1, 1, 1.001, 1.001, 1.001, 1.001, 1.001, 1.001, 1.001, 1, 1, 0.999, 0.998, 0.997, 0.996, 0.995, 0.994, 0.994, 0.993, 0.992, 0.991, 0.99, 0.989, 0.989, 0.988, 0.988, 0.988, 0.988, 0.988, 0.988, 0.988, 0.988, 0.988
1024, 1, 1, 1, 1, 1, 1, 1.001, 1.001, 1.001, 1.001, 1.001, 1.001, 1.001, 1, 1, 0.999, 0.998, 0.997, 0.996, 0.995, 0.994, 0.994, 0.993, 0.992, 0.991, 0.99, 0.989, 0.989, 0.988, 0.988, 0.988, 0.987, 0.987, 0.987, 0.987, 0.987, 0.987
1032, 1, 1, 1, 1, 1, 1, 1.001, 1.001, 1.001, 1.001, 1.001, 1.001, 1.001, 1, 1, 0.999, 0.998, 0.997, 0.996, 0.995, 0.994, 0.994, 0.993, 0.992, 0.991, 0.99, 0.989, 0.989, 0.988, 0.988, 0.987, 0.987, 0.987, 0.987, 0.987, 0.987, 0.987
1040, 1, 1, 1, 1, 1, 1, 1.001, 1.001, 1.001, 1.001, 1.001, 1.001, 1, 1, 1, 0.999, 0.998, 0.997, 0.996, 0.995, 0.994, 0.994, 0.993, 0.992, 0.991, 0.99, 0.989, 0.989, 0.988, 0.988, 0.987, 0.987, 0.987, 0.987, 0.987, 0.987, 0.987
1048, 1, 1, 1, 1, 1, 1, 1.001, 1.001, 1.001, 1.001, 1.001, 1.001, 1, 1, 0.999, 0.999, 0.998, 0.997, 0.996, 0.995, 0.994, 0.994, 0.993, 0.992, 0.991, 0.99, 0.989, 0.988, 0.988, 0.987, 0.987, 0.987, 0.987, 0.986, 0.986, 0.986, 0.986
1056, 1, 1, 1, 1, 1, 1, 1.001, 1.001, 1.001, 1.001, 1.001, 1.001, 1, 1, 0.999, 0.999, 0.998, 0.997, 0.996, 0.995, 0.994, 0.994, 0.993, 0.992, 0.991, 0.99, 0.989, 0.988, 0.988, 0.987, 0.987, 0.986, 0.986, 0.986, 0.986, 0.986, 0.986
1064, 1, 1, 1, 1, 1, 1, 1.001, 1.001, 1.001, 1.001, 1.001, 1.001, 1, 1, 0.999, 0.998, 0.998, 0.997, 0.996, 0.995, 0.994, 0.994, 0.993, 0.992, 0.991, 0.99, 0.989, 0.988, 0.988, 0.987, 0.987, 0.986, 0.986, 0.986, 0.986, 0.986, 0.986
1072, 1, 1, 1, 1, 1, 1.001, 1.001, 1.001, 1.001, 1.001, 1.001, 1, 1, 1, 0.999, 0.998, 0.998, 0.997, 0.996, 0.995, 0.994, 0.994, 0.993, 0.992, 0.991, 0.99, 0.989, 0.988, 0.987, 0.987, 0.986, 0.986, 0.986, 0.985, 0.985, 0.985, 0.985
1080, 1, 1, 1, 1, 1, 1.001, 1.001, 1.001, 1.001, 1.001, 1.001, 1, 1, 0.999, 0.999, 0.998, 0.998, 0.997, 0.996, 0.995, 0.995, 0.994, 0.993, 0.992, 0.991, 0.99, 0.989, 0.988, 0.987, 0.987, 0.986, 0.986, 0.985, 0.985, 0.985, 0.985, 0.985
1088, 1, 1, 1, 1, 1, 1.001, 1.001, 1.001, 1.001, 1.001, 1.001, 1, 1, 0.999, 0.999, 0.998, 0.997, 0.997, 0.996, 0.995, 0.995, 0.994, 0.993, 0.992, 0.991, 0.99, 0.989, 0.988, 0.987, 0.986, 0.986, 0.985, 0.985, 0.985, 0.984, 0.984, 0.984
1096, 1, 1, 1, 1, 1, 1.001, 1.001, 1.001, 1.001, 1.001, 1.001, 1, 1, 0.999, 0.999, 0.998, 0.997, 0.997, 0.996, 0.995, 0.995, 0.994, 0.993, 0.992, 0.991, 0.99, 0.989, 0.988, 0.987, 0.986, 0.985, 0.985, 0.984, 0.984, 0.984, 0.984, 0.984
1104, 1, 1, 1, 1, 1, 1.001, 1.001, 1.002, 1.001, 1.001, 1.001, 1, 1, 0.999, 0.998, 0.998, 0.997, 0.997, 0.996, 0.995, 0.995, 0.994, 0.993, 0.992, 0.991, 0.989, 0.988, 0.987, 0.987, 0.986, 0.985, 0.984, 0.984, 0.984, 0.983, 0.983, 0.983
1112, 1, 1, 1, 1, 1, 1.001, 1.001, 1.002, 1.001, 1.001, 1, 1, 0.999, 0.999, 0.998, 0.998, 0.997, 0.997, 0.996, 0.995, 0.995, 0.994, 0.993, 0.992, 0.991, 0.989, 0.988, 0.987, 0.986, 0.985, 0.985, 0.984, 0.984, 0.983, 0.983, 0.983, 0.983
1120, 1, 1, 1, 1, 1, 1.001, 1.002, 1.002, 1.002, 1.001, 1, 1, 0.999, 0.999, 0.998, 0.998, 0.997, 0.997, 0.996, 0.995, 0.995, 0.994, 0.993, 0.992, 0.991, 0.989, 0.988, 0.987, 0.986, 0.985, 0.984, 0.984, 0.983, 0.983, 0.982, 0.982, 0.982
1128, 1, 1, 1, 1, 1, 1.001, 1.002, 1.002, 1.002, 1.001, 1, 1, 0.999, 0.998, 0.998, 0.997, 0.997, 0.997, 0.996, 0.995, 0.995, 0.994, 0.993, 0.992, 0.991, 0.989, 0.988, 0.987, 0.986, 0.985, 0.984, 0.983, 0.983, 0.982, 0.982, 0.982, 0.982
1136, 1, 1, 1, 1, 1, 1.001, 1.002, 1.002, 1.002, 1.001, 1, 1, 0.999, 0.998, 0.998, 0.997, 0.997, 0.996, 0.996, 0.995, 0.995, 0.994, 0.993, 0.992, 0.991, 0.989, 0.988, 0.987, 0.985, 0.984, 0.983, 0.983, 0.982, 0.981, 0.981, 0.981, 0.981
1144, 1, 1, 1, 1, 1, 1.001, 1.002, 1.002, 1.002, 1.001, 1, 0.999, 0.999, 0.998, 0.998, 0.997, 0.997, 0.996, 0.996, 0.996, 0.995, 0.994, 0.993, 0.992, 0.99, 0.989, 0.988, 0.986, 0.985, 0.984, 0.983, 0.982, 0.981, 0.981, 0.98, 0.98, 0.98
1152, 1, 1, 1, 1, 1, 1.001, 1.002, 1.002, 1.002, 1.001, 1, 0.999, 0.998, 0.998, 0.997, 0.997, 0.997, 0.996, 0.996, 0.996, 0.995, 0.994, 0.993, 0.992, 0.99, 0.989, 0.988, 0.986, 0.985, 0.984, 0.982, 0.982, 0.981, 0.98, 0.98, 0.979, 0.979
1160, 1, 1, 1, 1, 1, 1.001, 1.002, 1.002, 1.002, 1.001, 1, 0.999, 0.998, 0.998, 0.997, 0.997, 0.997, 0.996, 0.996, 0.996, 0.995, 0.994, 0.993, 0.992, 0.99, 0.989, 0.987, 0.986, 0.984, 0.983, 0.982, 0.981, 0.98, 0.979, 0.979, 0.979, 0.979
1168, 1, 1, 1, 1, 1, 1.001, 1.002, 1.002, 1.002, 1.001, 1, 0.999, 0.998, 0.997, 0.997, 0.997, 0.996, 0.996, 0.996, 0.996, 0.995, 0.994, 0.993, 0.992, 0.99, 0.989, 0.987, 0.986, 0.984, 0.983, 0.981, 0.98, 0.979, 0.979, 0.978, 0.978, 0.978
1176, 1, 1, 1, 1, 1, 1.001, 1.002, 1.002, 1.002, 1.001, 1, 0.999, 0.998, 0.997, 0.997, 0.996, 0.996, 0.996, 0.996, 0.996, 0.995, 0.994, 0.993, 0.992, 0.99, 0.989, 0.987, 0.985, 0.984, 0.982, 0.981, 0.98, 0.979, 0.978, 0.977, 0.977, 0.977
1184, 1, 1, 1, 1, 1, 1.002, 1.002, 1.002, 1.002, 1.001, 1, 0.998, 0.997, 0.997, 0.996, 0.996, 0.996, 0.996, 0.996, 0.996, 0.995, 0.994, 0.993, 0.992, 0.99, 0.989, 0.987, 0.985, 0.983, 0.982, 0.98, 0.979, 0.978, 0.977, 0.976, 0.976, 0.976
1192, 1, 1, 1, 1, 1, 1.002, 1.002, 1.002, 1.002, 1.001, 0.999, 0.998, 0.997, 0.996, 0.996, 0.996, 0.996, 0.996, 0.996, 0.996, 0.995, 0.995, 0.993, 0.992, 0.99, 0.989, 0.987, 0.985, 0.983, 0.981, 0.979, 0.978, 0.977, 0.976, 0.975, 0.975, 0.975
1200, 1, 1, 1, 1, 1, 1.002, 1.003, 1.003, 1.002, 1.001, 0.999, 0.998, 0.997, 0.996, 0.996, 0.996, 0.996, 0.996, 0.996, 0.996, 0.995, 0.995, 0.994, 0.992, 0.99, 0.988, 0.986, 0.984, 0.982, 0.981, 0.979, 0.977, 0.976, 0.975, 0.974, 0.974, 0.974
1208, 1, 1, 1, 0.999, 1, 1.002, 1.003, 1.003, 1.002, 1, 0.999, 0.998, 0.996, 0.996, 0.995, 0.996, 0.996, 0.996, 0.996, 0.996, 0.996, 0.995, 0.994, 0.992, 0.99, 0.988, 0.986, 0.984, 0.982, 0.98, 0.978, 0.976, 0.975, 0.974, 0.973, 0.973, 0.973
1216, 1, 1, 1, 0.999, 1, 1.002, 1.003, 1.003, 1.002, 1, 0.999, 0.997, 0.996, 0.995, 0.995, 0.995, 0.996, 0.996, 0.996, 0.996, 0.996, 0.995, 0.994, 0.992, 0.99, 0.988, 0.986, 0.984, 0.981, 0.979, 0.977, 0.975, 0.974, 0.973, 0.972, 0.971, 0.971
1224, 1, 1, 1, 0.999, 1, 1.002, 1.003, 1.003, 1.002, 1, 0.999, 0.997, 0.996, 0.995, 0.995, 0.995, 0.995, 0.996, 0.996, 0.996, 0.996, 0.995, 0.994, 0.992, 0.99, 0.988, 0.986, 0.983, 0.981, 0.978, 0.976, 0.974, 0.973, 0.972, 0.971, 0.97, 0.97
1232, 1, 1, 1, 0.999, 1, 1.002, 1.003, 1.003, 1.002, 1, 0.998, 0.997, 0.995, 0.995, 0.995, 0.995, 0.995, 0.996, 0.996, 0.996, 0.996, 0.995, 0.994, 0.992, 0.99, 0.988, 0.985, 0.983, 0.98, 0.978, 0.975, 0.973, 0.972, 0.97, 0.969, 0.969, 0.969
1240, 1, 1, 1, 0.999, 1, 1.002, 1.003, 1.003, 1.002, 1, 0.998, 0.996, 0.995, 0.994, 0.994, 0.994, 0.995, 0.996, 0.996, 0.996, 0.996, 0.995, 0.994, 0.992, 0.99, 0.988, 0.985, 0.982, 0.98, 0.977, 0.974, 0.972, 0.97, 0.969, 0.968, 0.967, 0.967
1248, 1, 1, 1, 0.999, 1, 1.002, 1.004, 1.004, 1.002, 1, 0.998, 0.996, 0.995, 0.994, 0.994, 0.994, 0.995, 0.996, 0.996, 0.996, 0.996, 0.996, 0.994, 0.993, 0.99, 0.988, 0.985, 0.982, 0.979, 0.976, 0.973, 0.971, 0.969, 0.968, 0.966, 0.966, 0.966
1256, 1, 1, 1, 0.999, 1.001, 1.003, 1.004, 1.004, 1.002, 1, 0.998, 0.996, 0.994, 0.993, 0.993, 0.994, 0.995, 0.996, 0.996, 0.997, 0.996, 0.996, 0.994, 0.993, 0.99, 0.987, 0.984, 0.981, 0.978, 0.975, 0.972, 0.97, 0.968, 0.966, 0.965, 0.964, 0.964
1264, 1, 1, 1, 0.999, 1.001, 1.003, 1.004, 1.004, 1.002, 1, 0.997, 0.995, 0.994, 0.993, 0.993, 0.994, 0.994, 0.995, 0.996, 0.997, 0.997, 0.996, 0.995, 0.993, 0.99, 0.987, 0.984, 0.981, 0.977, 0.974, 0.971, 0.969, 0.966, 0.964, 0.963, 0.962, 0.962
1272, 1, 1, 1, 0.999, 1.001, 1.003, 1.004, 1.004, 1.002, 1, 0.997, 0.995, 0.993, 0.992, 0.992, 0.993, 0.994, 0.995, 0.996, 0.997, 0.997, 0.996, 0.995, 0.993, 0.99, 0.987, 0.984, 0.98, 0.977, 0.973, 0.97, 0.967, 0.965, 0.963, 0.961, 0.96, 0.96
1280, 1, 1, 1, 0.999, 1.001, 1.003, 1.004, 1.004, 1.002, 1, 0.997, 0.994, 0.993, 0.992, 0.992, 0.993, 0.994, 0.995, 0.996, 0.997, 0.997, 0.996, 0.995, 0.993, 0.99, 0.987, 0.983, 0.979, 0.976, 0.972, 0.969, 0.966, 0.963, 0.961, 0.959, 0.958, 0.958
1288, 1, 1, 1, 0.999, 1.001, 1.003, 1.005, 1.004, 1.002, 0.999, 0.996, 0.994, 0.992, 0.991, 0.992, 0.992, 0.994, 0.995, 0.996, 0.997, 0.997, 0.997, 0.995, 0.993, 0.99, 0.987, 0.983, 0.979, 0.975, 0.971, 0.967, 0.964, 0.961, 0.959, 0.957, 0.956, 0.956
1296, 1, 1, 1, 0.999, 1.001, 1.004, 1.005, 1.004, 1.002, 0.999, 0.996, 0.993, 0.991, 0.991, 0.991, 0.992, 0.994, 0.995, 0.997, 0.997, 0.998, 0.997, 0.995, 0.993, 0.99, 0.986, 0.982, 0.978, 0.974, 0.97, 0.966, 0.962, 0.959, 0.957, 0.955, 0.954, 0.954
1304, 1, 1, 1, 0.999, 1.001, 1.004, 1.005, 1.005, 1.002, 0.999, 0.995, 0.993, 0.991, 0.99, 0.99, 0.992, 0.993, 0.995, 0.997, 0.998, 0.998, 0.997, 0.996, 0.993, 0.99, 0.986, 0.982, 0.977, 0.973, 0.968, 0.964, 0.96, 0.957, 0.955, 0.953, 0.951, 0.951
1312, 1, 1, 1, 0.999, 1.001, 1.004, 1.006, 1.005, 1.002, 0.999, 0.995, 0.992, 0.99, 0.989, 0.99, 0.991, 0.993, 0.995, 0.997, 0.998, 0.998, 0.997, 0.996, 0.993, 0.99, 0.986, 0.981, 0.976, 0.972, 0.967, 0.962, 0.958, 0.955, 0.952, 0.95, 0.949, 0.948
1320, 1, 1, 0.999, 0.999, 1.001, 1.004, 1.006, 1.005, 1.002, 0.999, 0.995, 0.991, 0.989, 0.989, 0.989, 0.991, 0.993, 0.995, 0.997, 0.998, 0.998, 0.998, 0.996, 0.993, 0.99, 0.985, 0.981, 0.976, 0.97, 0.965, 0.96, 0.956, 0.953, 0.95, 0.947, 0.946, 0.946
1328, 1, 1, 0.999, 0.999, 1.001, 1.005, 1.006, 1.005, 1.002, 0.998, 0.994, 0.991, 0.989, 0.988, 0.989, 0.99, 0.992, 0.995, 0.997, 0.998, 0.999, 0.998, 0.996, 0.994, 0.99, 0.985, 0.98, 0.975, 0.969, 0.964, 0.959, 0.954, 0.95, 0.947, 0.945, 0.943, 0.943
1336, 1, 1, 0.999, 0.999, 1.002, 1.005, 1.007, 1.006, 1.002, 0.998, 0.994, 0.99, 0.988, 0.987, 0.988, 0.99, 0.992, 0.995, 0.997, 0.999, 0.999, 0.998, 0.997, 0.994, 0.99, 0.985, 0.979, 0.973, 0.968, 0.962, 0.956, 0.952, 0.947, 0.944, 0.941, 0.94, 0.939
1344, 1, 1, 0.999, 0.999, 1.002, 1.005, 1.007, 1.006, 1.002, 0.998, 0.993, 0.989, 0.987, 0.986, 0.987, 0.989, 0.992, 0.995, 0.997, 0.999, 0.999, 0.999, 0.997, 0.994, 0.989, 0.984, 0.979, 0.972, 0.966, 0.96, 0.954, 0.949, 0.944, 0.941, 0.938, 0.936, 0.936
1352, 1, 1, 0.999, 0.999, 1.002, 1.006, 1.007, 1.006, 1.002, 0.997, 0.992, 0.988, 0.986, 0.985, 0.986, 0.989, 0.991, 0.995, 0.997, 0.999, 1, 0.999, 0.997, 0.994, 0.989, 0.984, 0.978, 0.971, 0.964, 0.958, 0.952, 0.946, 0.941, 0.938, 0.935, 0.933, 0.932
1360, 1, 1, 0.999, 0.999, 1.002, 1.006, 1.008, 1.006, 1.002, 0.997, 0.992, 0.987, 0.985, 0.984, 0.985, 0.988, 0.991, 0.994, 0.997, 0.999, 1, 1, 0.998, 0.994, 0.989, 0.983, 0.977, 0.97, 0.963, 0.956, 0.949, 0.943, 0.938, 0.934, 0.931, 0.929, 0.928
1368, 1, 1, 0.999, 0.999, 1.002, 1.006, 1.008, 1.007, 1.002, 0.997, 0.991, 0.986, 0.984, 0.983, 0.985, 0.987, 0.991, 0.994, 0.998, 1, 1.001, 1, 0.998, 0.994, 0.989, 0.983, 0.976, 0.968, 0.961, 0.953, 0.946, 0.94, 0.934, 0.93, 0.927, 0.925, 0.924
1376, 1, 1, 0.999, 0.999, 1.002, 1.007, 1.009, 1.007, 1.002, 0.996, 0.99, 0.985, 0.983, 0.982, 0.984, 0.987, 0.99, 0.994, 0.998, 1, 1.001, 1, 0.998, 0.994, 0.989, 0.982, 0.975, 0.967, 0.959, 0.951, 0.943, 0.937, 0.931, 0.926, 0.922, 0.92, 0.92
1384, 1, 1, 0.999, 0.999, 1.002, 1.007, 1.009, 1.007, 1.002, 0.996, 0.989, 0.984, 0.981, 0.981, 0.983, 0.986, 0.99, 0.994, 0.998, 1, 1.002, 1.001, 0.999, 0.994, 0.989, 0.982, 0.974, 0.965, 0.957, 0.948, 0.94, 0.933, 0.927, 0.922, 0.918, 0.916, 0.915
1392, 1, 1, 0.999, 0.999, 1.003, 1.008, 1.01, 1.008, 1.002, 0.995, 0.988, 0.983, 0.98, 0.98, 0.981, 0.985, 0.989, 0.994, 0.998, 1.001, 1.002, 1.002, 0.999, 0.995, 0.988, 0.981, 0.973, 0.964, 0.954, 0.945, 0.937, 0.929, 0.922, 0.917, 0.913, 0.91, 0.91
1400, 1, 1, 0.999, 0.999, 1.003, 1.008, 1.01, 1.008, 1.002, 0.995, 0.987, 0.982, 0.979, 0.978, 0.98, 0.984, 0.989, 0.994, 0.998, 1.001, 1.003, 1.002, 0.999, 0.995, 0.988, 0.98, 0.971, 0.962, 0.952, 0.942, 0.933, 0.925, 0.918, 0.912, 0.908, 0.905, 0.904
1408, 1, 1, 0.999, 0.998, 1.003, 1.009, 1.011, 1.008, 1.002, 0.994, 0.986, 0.98, 0.977, 0.977, 0.979, 0.983, 0.988, 0.994, 0.999, 1.002, 1.003, 1.003, 1, 0.995, 0.988, 0.979, 0.97, 0.96, 0.949, 0.939, 0.929, 0.92, 0.912, 0.906, 0.902, 0.899, 0.898
1416, 1, 1, 0.999, 0.998, 1.004, 1.01, 1.012, 1.009, 1.002, 0.993, 0.985, 0.979, 0.975, 0.975, 0.978, 0.982, 0.988, 0.994, 0.999, 1.002, 1.004, 1.003, 1, 0.995, 0.988, 0.979, 0.968, 0.957, 0.946, 0.935, 0.925, 0.915, 0.907, 0.9, 0.896, 0.893, 0.892
1424, 1, 1, 0.998, 0.998, 1.004, 1.01, 1.012, 1.009, 1.002, 0.993, 0.984, 0.977, 0.973, 0.973, 0.976, 0.981, 0.987, 0.994, 0.999, 1.003, 1.005, 1.004, 1.001, 0.995, 0.987, 0.978, 0.967, 0.955, 0.943, 0.931, 0.92, 0.91, 0.901, 0.894, 0.889, 0.886, 0.885
1432, 1, 1, 0.998, 0.998, 1.004, 1.011, 1.013, 1.01, 1.002, 0.992, 0.982, 0.975, 0.972, 0.971, 0.975, 0.98, 0.987, 0.993, 0.999, 1.004, 1.005, 1.005, 1.001, 0.995, 0.987, 0.976, 0.965, 0.952, 0.939, 0.927, 0.915, 0.904, 0.895, 0.887, 0.882, 0.878, 0.877
1440, 1, 1, 0.998, 0.998, 1.005, 1.012, 1.014, 1.01, 1.002, 0.991, 0.981, 0.973, 0.969, 0.969, 0.973, 0.979, 0.986, 0.993, 1, 1.004, 1.006, 1.006, 1.002, 0.995, 0.986, 0.975, 0.963, 0.949, 0.936, 0.922, 0.909, 0.898, 0.888, 0.88, 0.874, 0.87, 0.869
1448, 1, 1.001, 0.998, 0.998, 1.005, 1.013, 1.015, 1.011, 1.001, 0.99, 0.979, 0.971, 0.967, 0.967, 0.971, 0.977, 0.985, 0.993, 1, 1.005, 1.007, 1.006, 1.002, 0.995, 0.986, 0.974, 0.961, 0.946, 0.931, 0.917, 0.903, 0.891, 0.88, 0.872, 0.865, 0.861, 0.86
1456, 1, 1.001, 0.998, 0.998, 1.006, 1.014, 1.016, 1.011, 1.001, 0.989, 0.977, 0.969, 0.965, 0.965, 0.969, 0.976, 0.985, 0.993, 1, 1.006, 1.008, 1.007, 1.003, 0.995, 0.985, 0.972, 0.958, 0.943, 0.927, 0.911, 0.897, 0.884, 0.872, 0.863, 0.856, 0.852, 0.851
1464, 1, 1.001, 0.998, 0.998, 1.006, 1.015, 1.017, 1.012, 1.001, 0.988, 0.975, 0.966, 0.962, 0.962, 0.967, 0.974, 0.984, 0.993, 1.001, 1.007, 1.009, 1.008, 1.004, 0.995, 0.984, 0.971, 0.955, 0.939, 0.922, 0.905, 0.89, 0.875, 0.863, 0.853, 0.846, 0.842, 0.84
1472, 1, 1.001, 0.997, 0.998, 1.007, 1.016, 1.018, 1.012, 1, 0.986, 0.973, 0.963, 0.959, 0.959, 0.964, 0.973, 0.983, 0.993, 1.001, 1.008, 1.01, 1.009, 1.004, 0.996, 0.984, 0.969, 0.952, 0.935, 0.916, 0.899, 0.882, 0.867, 0.854, 0.843, 0.835, 0.83, 0.829
1480, 1, 1.001, 0.997, 0.998, 1.008, 1.017, 1.019, 1.013, 1, 0.985, 0.97, 0.96, 0.955, 0.956, 0.962, 0.971, 0.982, 0.993, 1.002, 1.009, 1.012, 1.01, 1.005, 0.995, 0.983, 0.967, 0.949, 0.93, 0.91, 0.891, 0.873, 0.857, 0.843, 0.831, 0.823, 0.818, 0.816
1488, 1, 1.001, 0.997, 0.998, 1.008, 1.018, 1.021, 1.014, 1, 0.983, 0.968, 0.957, 0.952, 0.953, 0.959, 0.969, 0.981, 0.993, 1.003, 1.01, 1.013, 1.012, 1.006, 0.995, 0.981, 0.964, 0.945, 0.925, 0.904, 0.883, 0.864, 0.846, 0.831, 0.819, 0.81, 0.804, 0.803
1496, 1, 1.001, 0.997, 0.998, 1.009, 1.02, 1.022, 1.014, 0.999, 0.981, 0.964, 0.953, 0.948, 0.949, 0.956, 0.967, 0.98, 0.993, 1.004, 1.011, 1.014, 1.013, 1.006, 0.995, 0.98, 0.962, 0.941, 0.919, 0.896, 0.874, 0.853, 0.834, 0.818, 0.805, 0.795, 0.789, 0.788
1504, 1, 1.001, 0.996, 0.998, 1.01, 1.022, 1.024, 1.015, 0.998, 0.979, 0.961, 0.948, 0.943, 0.945, 0.953, 0.965, 0.979, 0.993, 1.004, 1.012, 1.016, 1.014, 1.007, 0.995, 0.979, 0.959, 0.936, 0.912, 0.888, 0.864, 0.842, 0.821, 0.804, 0.79, 0.779, 0.773, 0.771
1512, 1, 1.001, 0.996, 0.998, 1.011, 1.024, 1.026, 1.016, 0.997, 0.976, 0.957, 0.944, 0.938, 0.94, 0.949, 0.962, 0.977, 0.993, 1.005, 1.014, 1.018, 1.016, 1.008, 0.995, 0.977, 0.955, 0.931, 0.905, 0.879, 0.853, 0.829, 0.807, 0.788, 0.773, 0.762, 0.755, 0.753
1520, 1, 1.001, 0.996, 0.998, 1.013, 1.026, 1.028, 1.016, 0.996, 0.973, 0.952, 0.938, 0.932, 0.935, 0.945, 0.959, 0.976, 0.993, 1.006, 1.016, 1.02, 1.017, 1.009, 0.994, 0.975, 0.951, 0.925, 0.897, 0.868, 0.841, 0.814, 0.791, 0.771, 0.754, 0.742, 0.735, 0.733
1528, 1, 1.001, 0.995, 0.998, 1.014, 1.028, 1.03, 1.017, 0.995, 0.969, 0.947, 0.932, 0.926, 0.929, 0.94, 0.956, 0.975, 0.993, 1.008, 1.018, 1.022, 1.019, 1.01, 0.994, 0.972, 0.947, 0.918, 0.887, 0.857, 0.827, 0.798, 0.773, 0.751, 0.734, 0.721, 0.713, 0.71
1536, 1, 1.001, 0.995, 0.998, 1.016, 1.031, 1.032, 1.018, 0.993, 0.965, 0.941, 0.925, 0.919, 0.923, 0.935, 0.953, 0.974, 0.993, 1.01, 1.02, 1.025, 1.021, 1.01, 0.993, 0.969, 0.941, 0.91, 0.877, 0.843, 0.811, 0.78, 0.753, 0.729, 0.71, 0.696, 0.688, 0.685
1544, 1, 1.001, 0.994, 0.999, 1.018, 1.034, 1.035, 1.018, 0.991, 0.96, 0.934, 0.916, 0.91, 0.915, 0.929, 0.95, 0.972, 0.994, 1.012, 1.023, 1.028, 1.024, 1.011, 0.992, 0.966, 0.935, 0.9, 0.864, 0.828, 0.792, 0.759, 0.73, 0.705, 0.684, 0.669, 0.66, 0.657
1552, 1, 1.001, 0.993, 0.999, 1.02, 1.038, 1.038, 1.019, 0.988, 0.954, 0.925, 0.907, 0.901, 0.907, 0.923, 0.946, 0.971, 0.995, 1.014, 1.027, 1.031, 1.026, 1.012, 0.99, 0.961, 0.927, 0.889, 0.85, 0.81, 0.772, 0.736, 0.704, 0.677, 0.655, 0.639, 0.629, 0.626
1560, 1, 1.001, 0.993, 0.999, 1.023, 1.042, 1.041, 1.019, 0.985, 0.947, 0.915, 0.896, 0.89, 0.898, 0.916, 0.942, 0.97, 0.996, 1.017, 1.031, 1.035, 1.029, 1.013, 0.988, 0.956, 0.918, 0.876, 0.833, 0.79, 0.748, 0.709, 0.675, 0.646, 0.622, 0.605, 0.595, 0.591
1568, 1, 1.002, 0.992, 1, 1.027, 1.047, 1.044, 1.019, 0.98, 0.938, 0.903, 0.882, 0.877, 0.887, 0.909, 0.938, 0.969, 0.998, 1.021, 1.036, 1.039, 1.032, 1.013, 0.985, 0.949, 0.907, 0.861, 0.813, 0.766, 0.721, 0.679, 0.642, 0.61, 0.585, 0.567, 0.556, 0.552
1576, 1, 1.002, 0.991, 1.001, 1.031, 1.053, 1.048, 1.019, 0.974, 0.927, 0.889, 0.867, 0.862, 0.875, 0.9, 0.933, 0.969, 1.002, 1.027, 1.042, 1.044, 1.034, 1.013, 0.981, 0.94, 0.893, 0.842, 0.789, 0.738, 0.689, 0.643, 0.604, 0.57, 0.544, 0.524, 0.513, 0.509
1584, 1, 1.002, 0.99, 1.002, 1.037, 1.059, 1.052, 1.017, 0.966, 0.913, 0.871, 0.848, 0.845, 0.861, 0.891, 0.93, 0.97, 1.006, 1.034, 1.049, 1.05, 1.038, 1.012, 0.974, 0.928, 0.875, 0.819, 0.761, 0.705, 0.651, 0.603, 0.561, 0.526, 0.498, 0.478, 0.466, 0.462
1592, 1, 1.002, 0.988, 1.004, 1.043, 1.067, 1.056, 1.014, 0.954, 0.894, 0.849, 0.825, 0.825, 0.846, 0.882, 0.927, 0.973, 1.014, 1.043, 1.058, 1.058, 1.041, 1.009, 0.965, 0.912, 0.852, 0.789, 0.726, 0.665, 0.609, 0.558, 0.514, 0.477, 0.449, 0.429, 0.416, 0.412
1600, 1, 1.002, 0.987, 1.007, 1.052, 1.076, 1.06, 1.007, 0.937, 0.87, 0.82, 0.797, 0.801, 0.829, 0.874, 0.928, 0.98, 1.025, 1.056, 1.07, 1.066, 1.043, 1.004, 0.952, 0.89, 0.823, 0.753, 0.684, 0.619, 0.56, 0.507, 0.463, 0.427, 0.4, 0.38, 0.369, 0.365
1608, 1, 1.002, 0.985, 1.012, 1.063, 1.087, 1.061, 0.996, 0.913, 0.837, 0.784, 0.764, 0.775, 0.814, 0.87, 0.934, 0.994, 1.043, 1.075, 1.086, 1.075, 1.044, 0.994, 0.931, 0.86, 0.783, 0.707, 0.633, 0.566, 0.507, 0.456, 0.415, 0.383, 0.359, 0.343, 0.333, 0.33
1616, 1, 1.001, 0.983, 1.019, 1.077, 1.097, 1.058, 0.975, 0.877, 0.793, 0.74, 0.726, 0.75, 0.804, 0.875, 0.951, 1.02, 1.073, 1.103, 1.107, 1.085, 1.04, 0.976, 0.899, 0.816, 0.731, 0.649, 0.575, 0.51, 0.457, 0.415, 0.384, 0.361, 0.347, 0.338, 0.333, 0.331
1624, 1, 1, 0.982, 1.03, 1.094, 1.104, 1.044, 0.939, 0.825, 0.734, 0.687, 0.688, 0.733, 0.81, 0.901, 0.992, 1.069, 1.121, 1.143, 1.132, 1.092, 1.027, 0.943, 0.85, 0.755, 0.664, 0.583, 0.516, 0.465, 0.431, 0.41, 0.402, 0.403, 0.408, 0.414, 0.42, 0.421
1632, 1, 0.999, 0.984, 1.047, 1.111, 1.101, 1.01, 0.879, 0.752, 0.666, 0.638, 0.669, 0.747, 0.854, 0.97, 1.074, 1.152, 1.194, 1.196, 1.159, 1.09, 0.996, 0.888, 0.778, 0.675, 0.588, 0.523, 0.482, 0.467, 0.475, 0.501, 0.54, 0.585, 0.628, 0.664, 0.688, 0.697
1640, 1, 0.997, 0.989, 1.067, 1.118, 1.073, 0.947, 0.795, 0.672, 0.612, 0.625, 0.703, 0.825, 0.967, 1.101, 1.208, 1.273, 1.288, 1.254, 1.176, 1.067, 0.94, 0.81, 0.691, 0.596, 0.534, 0.511, 0.527, 0.58, 0.664, 0.77, 0.887, 1.004, 1.109, 1.191, 1.244, 1.263
1648, 1, 0.994, 1, 1.081, 1.102, 1.016, 0.865, 0.717, 0.627, 0.618, 0.689, 0.82, 0.981, 1.142, 1.276, 1.363, 1.393, 1.364, 1.283, 1.162, 1.018, 0.869, 0.734, 0.628, 0.566, 0.555, 0.599, 0.695, 0.839, 1.018, 1.219, 1.427, 1.625, 1.798, 1.933, 2.018, 2.047
1656, 1, 0.992, 1.012, 1.08, 1.065, 0.952, 0.803, 0.689, 0.651, 0.698, 0.817, 0.979, 1.151, 1.301, 1.409, 1.458, 1.446, 1.376, 1.261, 1.116, 0.962, 0.819, 0.704, 0.632, 0.616, 0.661, 0.767, 0.931, 1.143, 1.389, 1.653, 1.917, 2.165, 2.377, 2.541, 2.643, 2.679
1664, 1, 0.992, 1.018, 1.067, 1.027, 0.91, 0.786, 0.713, 0.72, 0.803, 0.941, 1.103, 1.257, 1.379, 1.45, 1.465, 1.422, 1.331, 1.206, 1.065, 0.926, 0.806, 0.723, 0.687, 0.708, 0.788, 0.926, 1.117, 1.35, 1.611, 1.885, 2.154, 2.403, 2.615, 2.777, 2.879, 2.913
1672, 1, 0.993, 1.021, 1.053, 1.001, 0.894, 0.797, 0.757, 0.79, 0.887, 1.023, 1.168, 1.297, 1.388, 1.431, 1.422, 1.365, 1.271, 1.153, 1.028, 0.911, 0.818, 0.761, 0.751, 0.792, 0.885, 1.03, 1.217, 1.439, 1.683, 1.936, 2.181, 2.406, 2.597, 2.742, 2.832, 2.863
1680, 1, 0.994, 1.021, 1.04, 0.986, 0.892, 0.818, 0.799, 0.845, 0.943, 1.068, 1.194, 1.299, 1.367, 1.391, 1.369, 1.308, 1.218, 1.113, 1.005, 0.909, 0.837, 0.8, 0.804, 0.853, 0.948, 1.085, 1.258, 1.459, 1.676, 1.899, 2.114, 2.31, 2.475, 2.6, 2.678, 2.705
1688, 1, 0.995, 1.02, 1.032, 0.978, 0.896, 0.838, 0.833, 0.884, 0.978, 1.09, 1.199, 1.285, 1.337, 1.349, 1.321, 1.261, 1.178, 1.084, 0.991, 0.912, 0.856, 0.831, 0.843, 0.895, 0.985, 1.111, 1.268, 1.446, 1.638, 1.833, 2.021, 2.19, 2.333, 2.441, 2.508, 2.531
1696, 1, 0.995, 1.018, 1.025, 0.974, 0.903, 0.857, 0.86, 0.912, 0.999, 1.101, 1.196, 1.268, 1.308, 1.312, 1.282, 1.224, 1.148, 1.065, 0.984, 0.917, 0.872, 0.855, 0.872, 0.923, 1.007, 1.123, 1.264, 1.423, 1.593, 1.764, 1.929, 2.077, 2.202, 2.296, 2.354, 2.374
1704, 1, 0.996, 1.017, 1.02, 0.972, 0.909, 0.872, 0.88, 0.931, 1.013, 1.105, 1.188, 1.25, 1.282, 1.281, 1.25, 1.196, 1.126, 1.051, 0.98, 0.922, 0.885, 0.874, 0.893, 0.942, 1.021, 1.126, 1.254, 1.397, 1.549, 1.701, 1.847, 1.978, 2.088, 2.171, 2.223, 2.24
1712, 1, 0.997, 1.016, 1.016, 0.971, 0.915, 0.884, 0.895, 0.946, 1.022, 1.106, 1.18, 1.234, 1.26, 1.256, 1.225, 1.173, 1.109, 1.041, 0.978, 0.927, 0.896, 0.888, 0.908, 0.955, 1.029, 1.126, 1.242, 1.372, 1.509, 1.646, 1.777, 1.895, 1.993, 2.067, 2.113, 2.129
1720, 1, 0.997, 1.015, 1.014, 0.971, 0.92, 0.894, 0.907, 0.957, 1.028, 1.105, 1.172, 1.22, 1.241, 1.235, 1.204, 1.156, 1.096, 1.034, 0.976, 0.931, 0.905, 0.9, 0.92, 0.965, 1.033, 1.123, 1.23, 1.349, 1.474, 1.599, 1.717, 1.824, 1.913, 1.98, 2.021, 2.035
1728, 1, 0.997, 1.014, 1.011, 0.971, 0.924, 0.903, 0.917, 0.965, 1.032, 1.103, 1.165, 1.207, 1.225, 1.217, 1.188, 1.141, 1.086, 1.028, 0.976, 0.935, 0.912, 0.909, 0.929, 0.972, 1.036, 1.119, 1.218, 1.328, 1.443, 1.558, 1.666, 1.764, 1.845, 1.906, 1.944, 1.957
1736, 1, 0.998, 1.013, 1.01, 0.971, 0.929, 0.91, 0.925, 0.971, 1.034, 1.101, 1.158, 1.196, 1.211, 1.203, 1.174, 1.13, 1.078, 1.024, 0.976, 0.939, 0.918, 0.916, 0.936, 0.977, 1.037, 1.115, 1.208, 1.31, 1.416, 1.522, 1.623, 1.713, 1.788, 1.844, 1.879, 1.891
1744, 1, 0.998, 1.013, 1.008, 0.972, 0.932, 0.916, 0.932, 0.976, 1.036, 1.099, 1.152, 1.186, 1.199, 1.19, 1.162, 1.12, 1.071, 1.021, 0.976, 0.942, 0.923, 0.922, 0.942, 0.98, 1.038, 1.111, 1.198, 1.293, 1.393, 1.492, 1.585, 1.669, 1.739, 1.791, 1.823, 1.834
1752, 1, 0.998, 1.012, 1.007, 0.972, 0.935, 0.921, 0.938, 0.98, 1.038, 1.097, 1.146, 1.178, 1.189, 1.18, 1.153, 1.112, 1.066, 1.018, 0.976, 0.944, 0.927, 0.927, 0.946, 0.983, 1.038, 1.107, 1.189, 1.278, 1.372, 1.465, 1.552, 1.631, 1.696, 1.745, 1.775, 1.785
1760, 1, 0.998, 1.011, 1.006, 0.972, 0.938, 0.925, 0.942, 0.984, 1.039, 1.095, 1.141, 1.171, 1.181, 1.171, 1.144, 1.106, 1.061, 1.016, 0.976, 0.947, 0.931, 0.932, 0.95, 0.985, 1.037, 1.103, 1.18, 1.265, 1.353, 1.441, 1.524, 1.597, 1.659, 1.705, 1.733, 1.743
1768, 1, 0.998, 1.011, 1.005, 0.973, 0.941, 0.929, 0.947, 0.987, 1.039, 1.093, 1.137, 1.164, 1.173, 1.163, 1.137, 1.1, 1.057, 1.014, 0.977, 0.949, 0.934, 0.935, 0.953, 0.987, 1.036, 1.099, 1.173, 1.253, 1.337, 1.42, 1.498, 1.568, 1.626, 1.669, 1.696, 1.706
1776, 1, 0.998, 1.01, 1.004, 0.973, 0.943, 0.933, 0.95, 0.989, 1.04, 1.091, 1.133, 1.159, 1.166, 1.156, 1.131, 1.095, 1.054, 1.013, 0.977, 0.951, 0.937, 0.938, 0.955, 0.988, 1.036, 1.096, 1.166, 1.242, 1.322, 1.401, 1.476, 1.542, 1.597, 1.638, 1.664, 1.673
1784, 1, 0.999, 1.01, 1.004, 0.974, 0.945, 0.936, 0.953, 0.991, 1.04, 1.089, 1.129, 1.153, 1.16, 1.15, 1.125, 1.091, 1.051, 1.012, 0.977, 0.952, 0.939, 0.941, 0.957, 0.989, 1.034, 1.092, 1.159, 1.233, 1.309, 1.384, 1.455, 1.518, 1.571, 1.61, 1.635, 1.643
1792, 1, 0.999, 1.01, 1.003, 0.974, 0.946, 0.939, 0.956, 0.993, 1.041, 1.088, 1.126, 1.149, 1.155, 1.145, 1.121, 1.087, 1.049, 1.011, 0.978, 0.953, 0.941, 0.943, 0.959, 0.989, 1.033, 1.089, 1.153, 1.224, 1.296, 1.369, 1.437, 1.497, 1.548, 1.585, 1.609, 1.617
1800, 1, 0.999, 1.009, 1.002, 0.974, 0.948, 0.941, 0.958, 0.995, 1.041, 1.087, 1.123, 1.145, 1.151, 1.14, 1.117, 1.084, 1.046, 1.01, 0.978, 0.955, 0.943, 0.944, 0.96, 0.99, 1.032, 1.085, 1.147, 1.215, 1.285, 1.355, 1.42, 1.478, 1.526, 1.563, 1.585, 1.593
1808, 1, 0.999, 1.009, 1.002, 0.975, 0.949, 0.943, 0.961, 0.996, 1.041, 1.085, 1.12, 1.141, 1.147, 1.136, 1.113, 1.081, 1.045, 1.009, 0.978, 0.956, 0.944, 0.946, 0.961, 0.99, 1.03, 1.082, 1.142, 1.207, 1.275, 1.342, 1.404, 1.461, 1.507, 1.542, 1.563, 1.571
1816, 1, 0.999, 1.009, 1.002, 0.975, 0.951, 0.945, 0.963, 0.998, 1.042, 1.084, 1.118, 1.138, 1.143, 1.132, 1.109, 1.078, 1.043, 1.008, 0.978, 0.956, 0.945, 0.947, 0.962, 0.989, 1.029, 1.079, 1.137, 1.2, 1.265, 1.329, 1.39, 1.444, 1.489, 1.523, 1.543, 1.551
1824, 1, 0.999, 1.009, 1.001, 0.975, 0.952, 0.947, 0.965, 0.999, 1.042, 1.083, 1.116, 1.135, 1.139, 1.129, 1.107, 1.076, 1.041, 1.008, 0.978, 0.957, 0.946, 0.948, 0.962, 0.989, 1.027, 1.075, 1.131, 1.193, 1.256, 1.318, 1.377, 1.429, 1.472, 1.505, 1.525, 1.532
1832, 1, 0.999, 1.008, 1.001, 0.975, 0.953, 0.949, 0.966, 1, 1.042, 1.082, 1.114, 1.133, 1.137, 1.126, 1.104, 1.074, 1.04, 1.007, 0.978, 0.958, 0.947, 0.948, 0.962, 0.988, 1.026, 1.072, 1.127, 1.186, 1.247, 1.308, 1.364, 1.415, 1.457, 1.489, 1.508, 1.515
1840, 1, 0.999, 1.008, 1, 0.975, 0.954, 0.95, 0.968, 1.001, 1.042, 1.082, 1.113, 1.131, 1.134, 1.123, 1.101, 1.072, 1.039, 1.006, 0.978, 0.958, 0.948, 0.949, 0.962, 0.987, 1.024, 1.069, 1.122, 1.179, 1.239, 1.297, 1.353, 1.402, 1.443, 1.473, 1.492, 1.498
1848, 1, 0.999, 1.008, 1, 0.976, 0.955, 0.952, 0.969, 1.002, 1.042, 1.081, 1.111, 1.129, 1.131, 1.121, 1.099, 1.07, 1.038, 1.006, 0.978, 0.958, 0.948, 0.949, 0.962, 0.986, 1.022, 1.066, 1.117, 1.173, 1.231, 1.288, 1.341, 1.389, 1.429, 1.458, 1.477, 1.483
1856, 1, 0.999, 1.008, 1, 0.976, 0.956, 0.953, 0.971, 1.003, 1.043, 1.081, 1.11, 1.127, 1.129, 1.119, 1.097, 1.069, 1.036, 1.005, 0.978, 0.958, 0.948, 0.949, 0.962, 0.985, 1.019, 1.062, 1.112, 1.167, 1.223, 1.278, 1.331, 1.377, 1.416, 1.445, 1.462, 1.469
1864, 1, 0.999, 1.008, 1, 0.976, 0.956, 0.954, 0.972, 1.004, 1.043, 1.08, 1.109, 1.125, 1.127, 1.117, 1.095, 1.067, 1.035, 1.004, 0.978, 0.958, 0.948, 0.949, 0.961, 0.984, 1.017, 1.059, 1.107, 1.161, 1.215, 1.269, 1.32, 1.365, 1.403, 1.431, 1.449, 1.454
1872, 1, 0.999, 1.008, 0.999, 0.976, 0.957, 0.955, 0.973, 1.005, 1.044, 1.08, 1.108, 1.124, 1.126, 1.115, 1.094, 1.066, 1.034, 1.004, 0.977, 0.958, 0.948, 0.948, 0.96, 0.982, 1.015, 1.055, 1.103, 1.154, 1.208, 1.26, 1.31, 1.354, 1.391, 1.418, 1.435, 1.441
1880, 1, 0.999, 1.007, 0.999, 0.976, 0.958, 0.957, 0.974, 1.006, 1.044, 1.08, 1.107, 1.122, 1.124, 1.113, 1.092, 1.064, 1.033, 1.003, 0.977, 0.958, 0.948, 0.948, 0.959, 0.981, 1.012, 1.052, 1.098, 1.148, 1.2, 1.252, 1.3, 1.343, 1.379, 1.406, 1.422, 1.428
1888, 1, 1, 1.007, 0.999, 0.976, 0.958, 0.958, 0.976, 1.007, 1.044, 1.08, 1.106, 1.121, 1.123, 1.112, 1.091, 1.063, 1.032, 1.002, 0.976, 0.957, 0.947, 0.947, 0.957, 0.978, 1.009, 1.048, 1.093, 1.142, 1.193, 1.243, 1.29, 1.332, 1.367, 1.393, 1.41, 1.415
1896, 1, 1, 1.007, 0.998, 0.976, 0.959, 0.959, 0.977, 1.008, 1.045, 1.08, 1.106, 1.12, 1.122, 1.111, 1.09, 1.062, 1.031, 1.002, 0.976, 0.957, 0.946, 0.946, 0.956, 0.976, 1.006, 1.044, 1.087, 1.135, 1.185, 1.234, 1.28, 1.322, 1.356, 1.381, 1.397, 1.403
1904, 1, 1, 1.007, 0.998, 0.976, 0.96, 0.96, 0.978, 1.009, 1.046, 1.08, 1.105, 1.119, 1.121, 1.109, 1.088, 1.061, 1.03, 1.001, 0.975, 0.956, 0.945, 0.944, 0.954, 0.973, 1.002, 1.039, 1.082, 1.129, 1.177, 1.225, 1.27, 1.311, 1.344, 1.369, 1.385, 1.39
1912, 1, 1, 1.007, 0.998, 0.976, 0.96, 0.961, 0.979, 1.01, 1.046, 1.08, 1.105, 1.119, 1.12, 1.108, 1.087, 1.06, 1.029, 1, 0.974, 0.955, 0.944, 0.943, 0.952, 0.97, 0.999, 1.034, 1.076, 1.122, 1.169, 1.216, 1.26, 1.3, 1.333, 1.357, 1.372, 1.377
1920, 1, 1, 1.007, 0.998, 0.976, 0.961, 0.961, 0.98, 1.011, 1.047, 1.08, 1.105, 1.118, 1.119, 1.107, 1.086, 1.059, 1.028, 0.999, 0.973, 0.953, 0.942, 0.94, 0.949, 0.967, 0.994, 1.029, 1.07, 1.115, 1.161, 1.207, 1.25, 1.289, 1.321, 1.345, 1.359, 1.365
1928, 1, 1, 1.006, 0.997, 0.976, 0.961, 0.962, 0.981, 1.012, 1.048, 1.081, 1.105, 1.118, 1.118, 1.106, 1.085, 1.058, 1.027, 0.997, 0.971, 0.951, 0.94, 0.938, 0.946, 0.963, 0.99, 1.023, 1.063, 1.107, 1.152, 1.197, 1.239, 1.277, 1.308, 1.332, 1.347, 1.351
1936, 1, 1, 1.006, 0.997, 0.976, 0.962, 0.963, 0.982, 1.013, 1.049, 1.081, 1.105, 1.118, 1.118, 1.106, 1.084, 1.056, 1.026, 0.996, 0.969, 0.949, 0.938, 0.935, 0.942, 0.959, 0.984, 1.017, 1.056, 1.099, 1.143, 1.187, 1.228, 1.265, 1.296, 1.319, 1.333, 1.338
1944, 1, 1, 1.006, 0.997, 0.976, 0.962, 0.964, 0.984, 1.014, 1.05, 1.082, 1.106, 1.118, 1.117, 1.105, 1.083, 1.055, 1.024, 0.994, 0.967, 0.947, 0.935, 0.931, 0.938, 0.954, 0.978, 1.01, 1.048, 1.09, 1.133, 1.176, 1.216, 1.252, 1.283, 1.305, 1.319, 1.324
1952, 1, 1, 1.006, 0.996, 0.976, 0.962, 0.965, 0.985, 1.016, 1.051, 1.083, 1.106, 1.118, 1.117, 1.104, 1.082, 1.054, 1.023, 0.992, 0.965, 0.944, 0.931, 0.927, 0.933, 0.948, 0.972, 1.003, 1.039, 1.08, 1.122, 1.164, 1.204, 1.239, 1.269, 1.291, 1.304, 1.309
1960, 1, 1, 1.006, 0.996, 0.976, 0.963, 0.966, 0.986, 1.017, 1.052, 1.084, 1.107, 1.118, 1.117, 1.104, 1.081, 1.052, 1.021, 0.99, 0.962, 0.941, 0.927, 0.923, 0.927, 0.942, 0.964, 0.994, 1.03, 1.069, 1.111, 1.152, 1.19, 1.225, 1.254, 1.275, 1.289, 1.293
1968, 1, 1, 1.006, 0.996, 0.976, 0.963, 0.967, 0.988, 1.019, 1.054, 1.085, 1.108, 1.119, 1.117, 1.103, 1.08, 1.051, 1.019, 0.987, 0.959, 0.937, 0.922, 0.917, 0.921, 0.934, 0.956, 0.985, 1.019, 1.058, 1.098, 1.138, 1.176, 1.209, 1.238, 1.259, 1.272, 1.276
1976, 1, 1, 1.006, 0.995, 0.976, 0.964, 0.968, 0.989, 1.021, 1.056, 1.087, 1.109, 1.119, 1.117, 1.103, 1.079, 1.049, 1.016, 0.984, 0.955, 0.932, 0.917, 0.91, 0.913, 0.925, 0.946, 0.974, 1.007, 1.044, 1.083, 1.123, 1.159, 1.192, 1.22, 1.241, 1.254, 1.258
1984, 1, 1, 1.006, 0.995, 0.976, 0.964, 0.969, 0.991, 1.023, 1.058, 1.089, 1.111, 1.121, 1.117, 1.102, 1.078, 1.047, 1.013, 0.98, 0.95, 0.926, 0.91, 0.902, 0.904, 0.915, 0.934, 0.961, 0.993, 1.029, 1.067, 1.105, 1.141, 1.174, 1.201, 1.221, 1.233, 1.238
1992, 1, 1, 1.005, 0.995, 0.975, 0.965, 0.971, 0.993, 1.025, 1.061, 1.091, 1.113, 1.122, 1.118, 1.102, 1.076, 1.044, 1.01, 0.975, 0.944, 0.919, 0.901, 0.893, 0.893, 0.903, 0.921, 0.946, 0.977, 1.012, 1.049, 1.086, 1.121, 1.153, 1.179, 1.199, 1.211, 1.215
2000, 1, 1, 1.005, 0.994, 0.975, 0.965, 0.972, 0.995, 1.028, 1.064, 1.094, 1.115, 1.123, 1.118, 1.101, 1.074, 1.041, 1.005, 0.969, 0.937, 0.91, 0.891, 0.881, 0.88, 0.889, 0.905, 0.929, 0.959, 0.992, 1.028, 1.064, 1.098, 1.129, 1.154, 1.174, 1.186, 1.19
2008, 1, 1, 1.005, 0.994, 0.975, 0.966, 0.974, 0.998, 1.032, 1.067, 1.098, 1.118, 1.125, 1.119, 1.101, 1.072, 1.037, 1, 0.962, 0.928, 0.899, 0.879, 0.867, 0.865, 0.871, 0.886, 0.908, 0.937, 0.969, 1.003, 1.038, 1.071, 1.101, 1.126, 1.145, 1.157, 1.16
2016, 1, 1, 1.005, 0.993, 0.974, 0.966, 0.976, 1.001, 1.036, 1.072, 1.102, 1.122, 1.128, 1.12, 1.1, 1.069, 1.032, 0.992, 0.953, 0.916, 0.886, 0.863, 0.849, 0.845, 0.85, 0.863, 0.883, 0.91, 0.941, 0.974, 1.008, 1.04, 1.069, 1.093, 1.111, 1.123, 1.126
2024, 1, 1, 1.005, 0.992, 0.974, 0.967, 0.978, 1.005, 1.041, 1.078, 1.108, 1.126, 1.131, 1.121, 1.098, 1.065, 1.026, 0.983, 0.94, 0.901, 0.868, 0.843, 0.827, 0.82, 0.823, 0.834, 0.853, 0.877, 0.907, 0.938, 0.971, 1.002, 1.03, 1.054, 1.071, 1.082, 1.086
2032, 1, 1.001, 1.004, 0.991, 0.973, 0.968, 0.982, 1.011, 1.048, 1.085, 1.115, 1.132, 1.135, 1.122, 1.096, 1.06, 1.017, 0.97, 0.924, 0.881, 0.845, 0.817, 0.797, 0.788, 0.788, 0.797, 0.814, 0.837, 0.864, 0.894, 0.925, 0.956, 0.983, 1.006, 1.023, 1.034, 1.038
2040, 1, 1.001, 1.004, 0.99, 0.973, 0.97, 0.986, 1.018, 1.057, 1.095, 1.124, 1.139, 1.139, 1.123, 1.093, 1.052, 1.003, 0.952, 0.901, 0.854, 0.813, 0.78, 0.758, 0.745, 0.742, 0.748, 0.763, 0.784, 0.81, 0.839, 0.869, 0.898, 0.924, 0.947, 0.964, 0.974, 0.978
2048, 1, 1.001, 1.003, 0.988, 0.972, 0.972, 0.993, 1.028, 1.07, 1.108, 1.136, 1.149, 1.144, 1.122, 1.086, 1.038, 0.983, 0.924, 0.867, 0.813, 0.767, 0.729, 0.702, 0.685, 0.679, 0.683, 0.695, 0.715, 0.739, 0.767, 0.796, 0.825, 0.851, 0.873, 0.89, 0.9, 0.904
2056, 1, 1.001, 1.002, 0.985, 0.971, 0.976, 1.003, 1.043, 1.088, 1.127, 1.152, 1.16, 1.148, 1.117, 1.071, 1.013, 0.947, 0.879, 0.812, 0.75, 0.697, 0.653, 0.62, 0.6, 0.59, 0.592, 0.603, 0.621, 0.646, 0.674, 0.704, 0.733, 0.76, 0.782, 0.8, 0.81, 0.814
2064, 1, 1.002, 1, 0.982, 0.972, 0.985, 1.021, 1.069, 1.117, 1.155, 1.174, 1.171, 1.146, 1.099, 1.036, 0.961, 0.879, 0.796, 0.716, 0.643, 0.581, 0.53, 0.494, 0.471, 0.461, 0.464, 0.478, 0.5, 0.529, 0.562, 0.597, 0.631, 0.662, 0.688, 0.708, 0.72, 0.725
2072, 1, 1.003, 0.996, 0.977, 0.977, 1.007, 1.058, 1.115, 1.163, 1.19, 1.191, 1.162, 1.107, 1.03, 0.935, 0.832, 0.725, 0.621, 0.527, 0.445, 0.379, 0.332, 0.303, 0.293, 0.301, 0.324, 0.36, 0.406, 0.459, 0.516, 0.573, 0.627, 0.676, 0.717, 0.748, 0.766, 0.773
2080, 1, 1.003, 0.987, 0.979, 1.009, 1.066, 1.128, 1.172, 1.184, 1.157, 1.094, 0.998, 0.879, 0.746, 0.611, 0.481, 0.367, 0.276, 0.211, 0.178, 0.177, 0.209, 0.273, 0.365, 0.482, 0.619, 0.771, 0.932, 1.097, 1.259, 1.413, 1.554, 1.676, 1.776, 1.85, 1.895, 1.91
2088, 1, 0.999, 0.991, 1.015, 1.057, 1.083, 1.075, 1.029, 0.95, 0.849, 0.737, 0.626, 0.529, 0.453, 0.406, 0.394, 0.421, 0.488, 0.597, 0.745, 0.931, 1.152, 1.402, 1.676, 1.97, 2.274, 2.584, 2.892, 3.191, 3.474, 3.734, 3.966, 4.163, 4.322, 4.439, 4.51, 4.533
2096, 1, 0.998, 1.002, 1.022, 1.03, 1.014, 0.974, 0.921, 0.862, 0.808, 0.763, 0.733, 0.721, 0.729, 0.758, 0.809, 0.882, 0.977, 1.093, 1.229, 1.384, 1.554, 1.739, 1.933, 2.135, 2.34, 2.546, 2.747, 2.94, 3.122, 3.288, 3.434, 3.559, 3.659, 3.732, 3.777, 3.792
2104, 1, 0.998, 1.005, 1.016, 1.01, 0.987, 0.952, 0.916, 0.885, 0.863, 0.852, 0.852, 0.864, 0.888, 0.923, 0.969, 1.026, 1.095, 1.176, 1.267, 1.369, 1.481, 1.6, 1.727, 1.858, 1.992, 2.126, 2.258, 2.385, 2.504, 2.614, 2.711, 2.794, 2.861, 2.909, 2.939, 2.949
2112, 1, 0.999, 1.006, 1.012, 1.001, 0.977, 0.949, 0.924, 0.908, 0.901, 0.904, 0.915, 0.934, 0.959, 0.99, 1.026, 1.07, 1.12, 1.177, 1.242, 1.315, 1.395, 1.481, 1.573, 1.669, 1.769, 1.869, 1.968, 2.064, 2.155, 2.239, 2.314, 2.378, 2.429, 2.467, 2.49, 2.498
2120, 1, 0.999, 1.006, 1.009, 0.996, 0.973, 0.949, 0.932, 0.924, 0.926, 0.935, 0.951, 0.972, 0.995, 1.022, 1.052, 1.085, 1.124, 1.167, 1.216, 1.271, 1.333, 1.4, 1.473, 1.55, 1.631, 1.712, 1.794, 1.873, 1.949, 2.019, 2.082, 2.136, 2.179, 2.211, 2.231, 2.237
2128, 1, 0.999, 1.006, 1.007, 0.993, 0.971, 0.95, 0.938, 0.936, 0.942, 0.956, 0.974, 0.995, 1.017, 1.04, 1.065, 1.092, 1.122, 1.156, 1.195, 1.239, 1.289, 1.345, 1.406, 1.471, 1.539, 1.61, 1.68, 1.75, 1.816, 1.878, 1.933, 1.981, 2.019, 2.048, 2.065, 2.071
2136, 1, 0.999, 1.006, 1.006, 0.99, 0.969, 0.952, 0.943, 0.944, 0.954, 0.97, 0.989, 1.01, 1.031, 1.052, 1.073, 1.095, 1.119, 1.147, 1.179, 1.215, 1.258, 1.305, 1.358, 1.415, 1.475, 1.538, 1.601, 1.664, 1.724, 1.78, 1.83, 1.874, 1.909, 1.935, 1.951, 1.956
2144, 1, 0.999, 1.006, 1.004, 0.989, 0.969, 0.953, 0.946, 0.95, 0.962, 0.98, 1, 1.02, 1.04, 1.059, 1.078, 1.096, 1.116, 1.139, 1.166, 1.197, 1.234, 1.276, 1.323, 1.374, 1.428, 1.485, 1.543, 1.601, 1.656, 1.708, 1.755, 1.795, 1.828, 1.852, 1.867, 1.872
2152, 1, 0.999, 1.006, 1.004, 0.988, 0.968, 0.954, 0.949, 0.955, 0.969, 0.987, 1.008, 1.028, 1.047, 1.065, 1.081, 1.097, 1.114, 1.133, 1.156, 1.183, 1.216, 1.253, 1.296, 1.342, 1.393, 1.445, 1.499, 1.553, 1.605, 1.653, 1.697, 1.735, 1.766, 1.789, 1.802, 1.807
2160, 1, 1, 1.006, 1.003, 0.987, 0.968, 0.955, 0.952, 0.959, 0.974, 0.993, 1.014, 1.034, 1.052, 1.069, 1.083, 1.097, 1.112, 1.129, 1.149, 1.173, 1.202, 1.236, 1.274, 1.318, 1.364, 1.414, 1.464, 1.515, 1.564, 1.61, 1.651, 1.687, 1.716, 1.738, 1.751, 1.756
2168, 1, 1, 1.006, 1.002, 0.986, 0.968, 0.956, 0.954, 0.962, 0.977, 0.997, 1.019, 1.039, 1.057, 1.072, 1.085, 1.097, 1.11, 1.125, 1.143, 1.164, 1.19, 1.222, 1.258, 1.298, 1.342, 1.388, 1.436, 1.484, 1.53, 1.574, 1.614, 1.648, 1.676, 1.697, 1.709, 1.714
2176, 1, 1, 1.006, 1.002, 0.986, 0.968, 0.956, 0.955, 0.964, 0.981, 1.001, 1.022, 1.042, 1.06, 1.074, 1.087, 1.098, 1.109, 1.122, 1.138, 1.157, 1.181, 1.21, 1.244, 1.282, 1.323, 1.367, 1.413, 1.458, 1.503, 1.545, 1.583, 1.615, 1.642, 1.662, 1.674, 1.678
2184, 1, 1, 1.006, 1.002, 0.985, 0.968, 0.957, 0.957, 0.966, 0.983, 1.004, 1.026, 1.045, 1.062, 1.076, 1.088, 1.098, 1.108, 1.12, 1.134, 1.152, 1.174, 1.201, 1.233, 1.269, 1.308, 1.35, 1.393, 1.437, 1.48, 1.52, 1.556, 1.587, 1.613, 1.632, 1.644, 1.648
2192, 1, 1, 1.006, 1.001, 0.985, 0.968, 0.957, 0.958, 0.968, 0.985, 1.006, 1.028, 1.048, 1.065, 1.078, 1.089, 1.098, 1.107, 1.118, 1.131, 1.147, 1.168, 1.194, 1.224, 1.258, 1.295, 1.335, 1.377, 1.418, 1.459, 1.498, 1.533, 1.563, 1.588, 1.606, 1.617, 1.621
2200, 1, 1, 1.006, 1.001, 0.985, 0.968, 0.958, 0.959, 0.969, 0.987, 1.008, 1.03, 1.05, 1.066, 1.079, 1.09, 1.099, 1.107, 1.117, 1.129, 1.144, 1.163, 1.187, 1.216, 1.248, 1.284, 1.322, 1.362, 1.402, 1.442, 1.479, 1.512, 1.542, 1.565, 1.583, 1.594, 1.597
2208, 1, 1, 1.006, 1.001, 0.985, 0.968, 0.958, 0.959, 0.97, 0.989, 1.01, 1.032, 1.051, 1.068, 1.081, 1.091, 1.099, 1.107, 1.116, 1.127, 1.141, 1.16, 1.182, 1.209, 1.24, 1.275, 1.311, 1.35, 1.388, 1.426, 1.462, 1.494, 1.522, 1.545, 1.562, 1.572, 1.576
2216, 1, 1, 1.006, 1, 0.985, 0.968, 0.959, 0.96, 0.971, 0.99, 1.011, 1.033, 1.053, 1.069, 1.082, 1.092, 1.1, 1.107, 1.115, 1.125, 1.139, 1.156, 1.178, 1.204, 1.233, 1.266, 1.302, 1.339, 1.376, 1.412, 1.446, 1.477, 1.504, 1.526, 1.543, 1.553, 1.556
2224, 1, 1, 1.005, 1, 0.984, 0.968, 0.959, 0.961, 0.972, 0.991, 1.012, 1.034, 1.054, 1.07, 1.083, 1.093, 1.1, 1.107, 1.115, 1.125, 1.137, 1.154, 1.175, 1.199, 1.228, 1.259, 1.293, 1.329, 1.364, 1.399, 1.432, 1.462, 1.488, 1.509, 1.525, 1.535, 1.538
2232, 1, 1, 1.005, 1, 0.984, 0.968, 0.959, 0.961, 0.973, 0.991, 1.013, 1.035, 1.055, 1.071, 1.084, 1.093, 1.101, 1.107, 1.115, 1.124, 1.136, 1.152, 1.172, 1.195, 1.222, 1.253, 1.285, 1.319, 1.354, 1.387, 1.419, 1.448, 1.473, 1.494, 1.509, 1.518, 1.521
2240, 1, 1, 1.005, 1, 0.984, 0.968, 0.959, 0.962, 0.973, 0.992, 1.014, 1.036, 1.056, 1.072, 1.085, 1.094, 1.101, 1.108, 1.115, 1.124, 1.135, 1.151, 1.169, 1.192, 1.218, 1.247, 1.279, 1.311, 1.344, 1.377, 1.407, 1.435, 1.459, 1.478, 1.493, 1.502, 1.505
2248, 1, 1, 1.005, 1, 0.984, 0.968, 0.96, 0.962, 0.974, 0.993, 1.014, 1.036, 1.056, 1.073, 1.085, 1.095, 1.102, 1.109, 1.115, 1.124, 1.135, 1.149, 1.167, 1.189, 1.214, 1.242, 1.272, 1.304, 1.335, 1.366, 1.396, 1.422, 1.445, 1.464, 1.478, 1.487, 1.49
2256, 1, 1, 1.005, 1, 0.984, 0.968, 0.96, 0.962, 0.974, 0.993, 1.015, 1.037, 1.057, 1.073, 1.086, 1.096, 1.103, 1.109, 1.116, 1.124, 1.135, 1.149, 1.166, 1.187, 1.211, 1.238, 1.267, 1.297, 1.327, 1.357, 1.385, 1.41, 1.433, 1.451, 1.464, 1.472, 1.475
2264, 1, 1, 1.005, 1, 0.984, 0.968, 0.96, 0.962, 0.974, 0.993, 1.015, 1.037, 1.057, 1.074, 1.087, 1.097, 1.104, 1.11, 1.117, 1.125, 1.135, 1.148, 1.165, 1.185, 1.208, 1.234, 1.262, 1.29, 1.319, 1.348, 1.375, 1.399, 1.42, 1.437, 1.45, 1.458, 1.461
2272, 1, 1, 1.005, 1, 0.984, 0.968, 0.96, 0.962, 0.974, 0.993, 1.015, 1.038, 1.058, 1.074, 1.087, 1.097, 1.105, 1.111, 1.118, 1.125, 1.135, 1.148, 1.164, 1.183, 1.206, 1.23, 1.257, 1.284, 1.312, 1.339, 1.365, 1.388, 1.408, 1.425, 1.437, 1.444, 1.447
2280, 1, 1, 1.005, 1, 0.984, 0.968, 0.96, 0.963, 0.975, 0.993, 1.015, 1.038, 1.058, 1.075, 1.088, 1.098, 1.106, 1.112, 1.119, 1.127, 1.136, 1.149, 1.164, 1.182, 1.204, 1.227, 1.252, 1.278, 1.305, 1.331, 1.355, 1.377, 1.397, 1.412, 1.424, 1.431, 1.433
2288, 1, 1, 1.005, 1, 0.984, 0.968, 0.96, 0.963, 0.974, 0.993, 1.015, 1.038, 1.058, 1.075, 1.089, 1.099, 1.107, 1.113, 1.12, 1.128, 1.137, 1.149, 1.164, 1.181, 1.202, 1.224, 1.248, 1.273, 1.298, 1.323, 1.346, 1.367, 1.385, 1.4, 1.411, 1.417, 1.42
2296, 1, 1, 1.005, 1, 0.984, 0.968, 0.96, 0.963, 0.974, 0.993, 1.015, 1.038, 1.058, 1.075, 1.089, 1.1, 1.108, 1.115, 1.121, 1.129, 1.138, 1.15, 1.164, 1.181, 1.2, 1.221, 1.244, 1.268, 1.292, 1.315, 1.337, 1.357, 1.374, 1.388, 1.398, 1.404, 1.406
2304, 1, 1, 1.005, 1, 0.984, 0.969, 0.96, 0.962, 0.974, 0.993, 1.015, 1.037, 1.058, 1.076, 1.09, 1.101, 1.109, 1.116, 1.123, 1.13, 1.139, 1.151, 1.164, 1.18, 1.199, 1.219, 1.241, 1.263, 1.285, 1.307, 1.328, 1.346, 1.362, 1.375, 1.385, 1.391, 1.393
2312, 1, 1, 1.005, 1, 0.984, 0.969, 0.96, 0.962, 0.974, 0.992, 1.014, 1.037, 1.058, 1.076, 1.091, 1.102, 1.111, 1.118, 1.125, 1.132, 1.141, 1.152, 1.165, 1.18, 1.198, 1.217, 1.237, 1.258, 1.279, 1.3, 1.319, 1.336, 1.351, 1.363, 1.372, 1.378, 1.38
2320, 1, 1, 1.005, 1, 0.984, 0.969, 0.96, 0.962, 0.974, 0.992, 1.014, 1.037, 1.058, 1.076, 1.091, 1.103, 1.112, 1.119, 1.126, 1.134, 1.143, 1.153, 1.165, 1.18, 1.197, 1.215, 1.234, 1.254, 1.273, 1.292, 1.31, 1.326, 1.34, 1.351, 1.359, 1.365, 1.366
2328, 1, 1, 1.005, 1, 0.984, 0.969, 0.96, 0.962, 0.973, 0.992, 1.014, 1.036, 1.058, 1.077, 1.092, 1.104, 1.113, 1.121, 1.128, 1.136, 1.144, 1.155, 1.167, 1.18, 1.196, 1.213, 1.231, 1.249, 1.267, 1.285, 1.301, 1.316, 1.329, 1.339, 1.347, 1.351, 1.353
2336, 1, 1, 1.005, 1, 0.985, 0.969, 0.96, 0.962, 0.973, 0.991, 1.013, 1.036, 1.058, 1.077, 1.092, 1.105, 1.115, 1.123, 1.13, 1.138, 1.146, 1.156, 1.168, 1.181, 1.195, 1.211, 1.228, 1.244, 1.261, 1.277, 1.292, 1.306, 1.317, 1.327, 1.334, 1.338, 1.339
2344, 1, 1, 1.005, 1, 0.985, 0.969, 0.96, 0.961, 0.972, 0.99, 1.012, 1.036, 1.058, 1.077, 1.093, 1.106, 1.116, 1.125, 1.133, 1.14, 1.149, 1.158, 1.169, 1.181, 1.195, 1.209, 1.225, 1.24, 1.255, 1.27, 1.284, 1.296, 1.306, 1.314, 1.321, 1.324, 1.325
2352, 1, 1, 1.005, 1, 0.985, 0.969, 0.96, 0.961, 0.972, 0.99, 1.012, 1.035, 1.057, 1.077, 1.093, 1.107, 1.118, 1.127, 1.135, 1.143, 1.151, 1.16, 1.17, 1.182, 1.194, 1.208, 1.222, 1.236, 1.25, 1.262, 1.275, 1.285, 1.294, 1.302, 1.307, 1.31, 1.312
2360, 1, 1, 1.005, 1, 0.985, 0.969, 0.96, 0.961, 0.971, 0.989, 1.011, 1.034, 1.057, 1.077, 1.094, 1.108, 1.119, 1.129, 1.137, 1.145, 1.153, 1.162, 1.172, 1.183, 1.194, 1.206, 1.219, 1.231, 1.244, 1.255, 1.266, 1.275, 1.283, 1.289, 1.293, 1.296, 1.297
2368, 1, 1, 1.005, 1, 0.985, 0.969, 0.96, 0.96, 0.971, 0.988, 1.01, 1.034, 1.057, 1.077, 1.095, 1.109, 1.121, 1.131, 1.14, 1.148, 1.156, 1.165, 1.174, 1.184, 1.194, 1.205, 1.216, 1.227, 1.238, 1.247, 1.256, 1.264, 1.271, 1.276, 1.28, 1.282, 1.283
2376, 1, 1, 1.005, 1, 0.985, 0.969, 0.96, 0.96, 0.97, 0.987, 1.009, 1.033, 1.056, 1.077, 1.095, 1.111, 1.123, 1.133, 1.142, 1.151, 1.159, 1.167, 1.176, 1.185, 1.194, 1.204, 1.213, 1.223, 1.232, 1.24, 1.247, 1.253, 1.258, 1.263, 1.266, 1.267, 1.268
2384, 1, 1, 1.005, 1, 0.985, 0.969, 0.959, 0.959, 0.969, 0.986, 1.008, 1.032, 1.056, 1.077, 1.096, 1.112, 1.125, 1.136, 1.145, 1.154, 1.162, 1.17, 1.178, 1.186, 1.194, 1.203, 1.211, 1.218, 1.226, 1.232, 1.237, 1.242, 1.246, 1.249, 1.251, 1.252, 1.253
2392, 1, 1, 1.005, 1, 0.985, 0.969, 0.959, 0.959, 0.968, 0.985, 1.007, 1.032, 1.055, 1.077, 1.097, 1.113, 1.127, 1.138, 1.148, 1.157, 1.165, 1.172, 1.18, 1.187, 1.195, 1.202, 1.208, 1.214, 1.219, 1.224, 1.228, 1.231, 1.233, 1.235, 1.236, 1.237, 1.237
2400, 1, 1, 1.005, 1, 0.986, 0.969, 0.959, 0.958, 0.967, 0.984, 1.006, 1.031, 1.055, 1.078, 1.098, 1.115, 1.129, 1.141, 1.151, 1.16, 1.168, 1.175, 1.182, 1.189, 1.195, 1.2, 1.205, 1.21, 1.213, 1.216, 1.218, 1.219, 1.22, 1.221, 1.221, 1.221, 1.221
2408, 1, 1, 1.005, 1.001, 0.986, 0.969, 0.959, 0.958, 0.966, 0.983, 1.005, 1.03, 1.054, 1.078, 1.098, 1.116, 1.131, 1.144, 1.154, 1.163, 1.171, 1.179, 1.185, 1.19, 1.195, 1.199, 1.203, 1.205, 1.207, 1.207, 1.208, 1.207, 1.207, 1.206, 1.206, 1.205, 1.205
2416, 1, 1, 1.005, 1.001, 0.986, 0.969, 0.958, 0.957, 0.965, 0.982, 1.004, 1.029, 1.054, 1.078, 1.099, 1.118, 1.133, 1.147, 1.158, 1.167, 1.175, 1.182, 1.187, 1.192, 1.196, 1.198, 1.2, 1.2, 1.2, 1.199, 1.197, 1.195, 1.193, 1.191, 1.19, 1.188, 1.188
2424, 1, 1, 1.005, 1.001, 0.986, 0.969, 0.958, 0.956, 0.964, 0.981, 1.003, 1.028, 1.053, 1.078, 1.1, 1.119, 1.136, 1.15, 1.161, 1.171, 1.179, 1.185, 1.19, 1.194, 1.196, 1.197, 1.197, 1.196, 1.193, 1.19, 1.187, 1.183, 1.179, 1.176, 1.173, 1.171, 1.171
2432, 1, 1, 1.005, 1.001, 0.986, 0.969, 0.958, 0.955, 0.963, 0.979, 1.001, 1.027, 1.053, 1.078, 1.101, 1.121, 1.139, 1.153, 1.165, 1.175, 1.183, 1.189, 1.193, 1.196, 1.197, 1.196, 1.194, 1.191, 1.187, 1.181, 1.175, 1.17, 1.164, 1.16, 1.156, 1.154, 1.153
2440, 1, 1, 1.005, 1.001, 0.987, 0.969, 0.957, 0.954, 0.962, 0.978, 1, 1.026, 1.052, 1.078, 1.102, 1.123, 1.141, 1.156, 1.169, 1.179, 1.187, 1.193, 1.196, 1.198, 1.198, 1.195, 1.192, 1.186, 1.179, 1.172, 1.164, 1.157, 1.149, 1.143, 1.139, 1.136, 1.135
2448, 1, 1, 1.005, 1.002, 0.987, 0.969, 0.957, 0.953, 0.96, 0.976, 0.998, 1.024, 1.052, 1.078, 1.103, 1.125, 1.144, 1.16, 1.173, 1.183, 1.191, 1.196, 1.2, 1.2, 1.198, 1.195, 1.189, 1.181, 1.172, 1.163, 1.153, 1.143, 1.134, 1.127, 1.121, 1.117, 1.116
2456, 1, 1, 1.006, 1.002, 0.987, 0.969, 0.956, 0.952, 0.959, 0.974, 0.997, 1.023, 1.051, 1.078, 1.104, 1.127, 1.147, 1.163, 1.177, 1.188, 1.196, 1.201, 1.203, 1.202, 1.199, 1.194, 1.186, 1.176, 1.165, 1.153, 1.141, 1.129, 1.118, 1.109, 1.102, 1.098, 1.097
2464, 1, 1, 1.006, 1.002, 0.987, 0.969, 0.956, 0.951, 0.957, 0.973, 0.995, 1.022, 1.05, 1.078, 1.105, 1.129, 1.15, 1.167, 1.182, 1.192, 1.2, 1.205, 1.206, 1.205, 1.2, 1.193, 1.183, 1.171, 1.157, 1.143, 1.128, 1.114, 1.102, 1.091, 1.083, 1.078, 1.077
2472, 1, 1, 1.006, 1.002, 0.987, 0.969, 0.955, 0.95, 0.956, 0.971, 0.993, 1.02, 1.05, 1.079, 1.106, 1.131, 1.153, 1.171, 1.186, 1.197, 1.205, 1.209, 1.21, 1.207, 1.201, 1.192, 1.179, 1.165, 1.149, 1.133, 1.116, 1.099, 1.085, 1.073, 1.064, 1.058, 1.056
2480, 1, 1, 1.006, 1.003, 0.988, 0.969, 0.954, 0.949, 0.954, 0.969, 0.992, 1.019, 1.049, 1.079, 1.107, 1.133, 1.156, 1.175, 1.191, 1.203, 1.21, 1.214, 1.214, 1.21, 1.202, 1.191, 1.176, 1.16, 1.141, 1.122, 1.103, 1.084, 1.068, 1.054, 1.043, 1.037, 1.035
2488, 1, 1, 1.006, 1.003, 0.988, 0.969, 0.954, 0.948, 0.952, 0.967, 0.99, 1.018, 1.048, 1.079, 1.109, 1.136, 1.16, 1.18, 1.196, 1.208, 1.216, 1.219, 1.218, 1.212, 1.203, 1.19, 1.173, 1.154, 1.133, 1.111, 1.089, 1.068, 1.05, 1.034, 1.023, 1.015, 1.013
2496, 1, 1, 1.006, 1.003, 0.988, 0.969, 0.953, 0.946, 0.951, 0.965, 0.988, 1.016, 1.048, 1.079, 1.11, 1.138, 1.163, 1.184, 1.201, 1.213, 1.221, 1.224, 1.222, 1.215, 1.204, 1.189, 1.17, 1.148, 1.124, 1.099, 1.075, 1.052, 1.031, 1.014, 1.001, 0.993, 0.99
2504, 1, 1, 1.006, 1.004, 0.988, 0.968, 0.952, 0.945, 0.949, 0.963, 0.986, 1.015, 1.047, 1.08, 1.112, 1.141, 1.167, 1.189, 1.207, 1.219, 1.227, 1.229, 1.226, 1.218, 1.205, 1.188, 1.166, 1.142, 1.115, 1.088, 1.061, 1.035, 1.012, 0.993, 0.979, 0.97, 0.967
2512, 1, 1, 1.006, 1.004, 0.989, 0.968, 0.951, 0.943, 0.947, 0.961, 0.984, 1.013, 1.046, 1.08, 1.113, 1.144, 1.171, 1.194, 1.212, 1.225, 1.233, 1.234, 1.23, 1.221, 1.206, 1.186, 1.163, 1.135, 1.106, 1.076, 1.046, 1.018, 0.993, 0.972, 0.956, 0.947, 0.943
2520, 1, 1, 1.006, 1.004, 0.989, 0.968, 0.95, 0.942, 0.944, 0.958, 0.982, 1.012, 1.046, 1.081, 1.115, 1.147, 1.175, 1.199, 1.218, 1.231, 1.239, 1.24, 1.235, 1.224, 1.207, 1.185, 1.159, 1.129, 1.097, 1.063, 1.031, 1, 0.973, 0.95, 0.933, 0.922, 0.919
2528, 1, 1, 1.006, 1.005, 0.989, 0.968, 0.949, 0.94, 0.942, 0.956, 0.98, 1.01, 1.045, 1.081, 1.117, 1.15, 1.18, 1.205, 1.224, 1.238, 1.245, 1.246, 1.24, 1.227, 1.208, 1.184, 1.155, 1.122, 1.087, 1.051, 1.015, 0.982, 0.952, 0.927, 0.909, 0.897, 0.893
2536, 1, 1, 1.007, 1.005, 0.989, 0.967, 0.948, 0.938, 0.94, 0.953, 0.977, 1.008, 1.044, 1.082, 1.119, 1.154, 1.184, 1.21, 1.231, 1.245, 1.252, 1.252, 1.245, 1.23, 1.21, 1.183, 1.151, 1.115, 1.077, 1.037, 0.999, 0.963, 0.93, 0.904, 0.884, 0.871, 0.867
2544, 1, 1, 1.007, 1.005, 0.99, 0.967, 0.947, 0.936, 0.937, 0.951, 0.975, 1.007, 1.044, 1.083, 1.121, 1.157, 1.189, 1.216, 1.237, 1.252, 1.259, 1.258, 1.25, 1.234, 1.211, 1.182, 1.147, 1.108, 1.066, 1.024, 0.982, 0.943, 0.908, 0.88, 0.858, 0.845, 0.841
2552, 1, 1, 1.007, 1.006, 0.99, 0.967, 0.946, 0.934, 0.935, 0.948, 0.973, 1.005, 1.043, 1.083, 1.123, 1.161, 1.195, 1.223, 1.244, 1.259, 1.266, 1.264, 1.255, 1.237, 1.212, 1.18, 1.143, 1.1, 1.056, 1.01, 0.965, 0.923, 0.886, 0.855, 0.832, 0.818, 0.813
2560, 1, 1, 1.007, 1.006, 0.99, 0.966, 0.944, 0.932, 0.932, 0.945, 0.97, 1.004, 1.043, 1.084, 1.126, 1.165, 1.2, 1.229, 1.252, 1.266, 1.273, 1.271, 1.26, 1.241, 1.214, 1.179, 1.138, 1.093, 1.044, 0.995, 0.947, 0.902, 0.863, 0.83, 0.805, 0.79, 0.785
2568, 1, 1, 1.007, 1.007, 0.99, 0.966, 0.943, 0.93, 0.929, 0.942, 0.968, 1.002, 1.042, 1.085, 1.128, 1.169, 1.206, 1.236, 1.259, 1.274, 1.281, 1.278, 1.266, 1.245, 1.215, 1.177, 1.133, 1.085, 1.033, 0.981, 0.929, 0.881, 0.839, 0.804, 0.778, 0.761, 0.756
2576, 1, 1, 1.008, 1.007, 0.991, 0.965, 0.942, 0.927, 0.926, 0.939, 0.965, 1, 1.042, 1.087, 1.131, 1.174, 1.211, 1.243, 1.267, 1.282, 1.289, 1.285, 1.272, 1.248, 1.216, 1.176, 1.129, 1.077, 1.021, 0.965, 0.911, 0.86, 0.815, 0.777, 0.75, 0.732, 0.727
2584, 1, 0.999, 1.008, 1.008, 0.991, 0.965, 0.94, 0.925, 0.923, 0.936, 0.962, 0.999, 1.042, 1.088, 1.134, 1.178, 1.218, 1.25, 1.275, 1.291, 1.297, 1.292, 1.277, 1.252, 1.217, 1.174, 1.124, 1.068, 1.009, 0.95, 0.892, 0.838, 0.79, 0.75, 0.721, 0.703, 0.696
2592, 1, 0.999, 1.008, 1.008, 0.991, 0.964, 0.938, 0.922, 0.92, 0.933, 0.96, 0.997, 1.041, 1.089, 1.138, 1.183, 1.224, 1.258, 1.284, 1.3, 1.305, 1.3, 1.283, 1.256, 1.219, 1.172, 1.119, 1.059, 0.997, 0.934, 0.872, 0.815, 0.764, 0.723, 0.691, 0.672, 0.666
2600, 1, 0.999, 1.008, 1.009, 0.991, 0.963, 0.936, 0.919, 0.917, 0.93, 0.957, 0.995, 1.041, 1.091, 1.141, 1.189, 1.231, 1.266, 1.293, 1.309, 1.314, 1.308, 1.289, 1.26, 1.22, 1.171, 1.113, 1.051, 0.984, 0.917, 0.852, 0.792, 0.738, 0.694, 0.661, 0.641, 0.634
2608, 1, 0.999, 1.009, 1.009, 0.991, 0.962, 0.934, 0.916, 0.913, 0.926, 0.954, 0.994, 1.041, 1.093, 1.145, 1.194, 1.238, 1.275, 1.302, 1.318, 1.323, 1.316, 1.296, 1.264, 1.221, 1.169, 1.108, 1.041, 0.971, 0.901, 0.832, 0.768, 0.712, 0.666, 0.631, 0.61, 0.602
2616, 1, 0.999, 1.009, 1.01, 0.991, 0.961, 0.932, 0.913, 0.91, 0.923, 0.952, 0.992, 1.041, 1.095, 1.149, 1.2, 1.246, 1.284, 1.311, 1.328, 1.332, 1.324, 1.302, 1.268, 1.223, 1.167, 1.102, 1.032, 0.958, 0.884, 0.811, 0.744, 0.685, 0.636, 0.6, 0.578, 0.57
2624, 1, 0.999, 1.009, 1.01, 0.991, 0.961, 0.93, 0.91, 0.906, 0.919, 0.949, 0.991, 1.042, 1.097, 1.153, 1.207, 1.254, 1.293, 1.321, 1.338, 1.342, 1.332, 1.309, 1.272, 1.224, 1.165, 1.097, 1.022, 0.945, 0.866, 0.79, 0.72, 0.658, 0.607, 0.569, 0.545, 0.538
2632, 1, 0.999, 1.01, 1.011, 0.991, 0.959, 0.928, 0.907, 0.902, 0.916, 0.946, 0.99, 1.042, 1.1, 1.158, 1.213, 1.262, 1.302, 1.332, 1.348, 1.352, 1.341, 1.316, 1.277, 1.225, 1.162, 1.091, 1.013, 0.931, 0.849, 0.769, 0.696, 0.631, 0.577, 0.537, 0.513, 0.505
2640, 1, 0.999, 1.01, 1.011, 0.991, 0.958, 0.925, 0.903, 0.898, 0.912, 0.943, 0.988, 1.043, 1.103, 1.163, 1.22, 1.271, 1.312, 1.342, 1.359, 1.362, 1.349, 1.322, 1.281, 1.226, 1.16, 1.085, 1.003, 0.917, 0.831, 0.748, 0.671, 0.603, 0.547, 0.506, 0.48, 0.472
2648, 1, 0.999, 1.01, 1.012, 0.991, 0.957, 0.923, 0.9, 0.894, 0.908, 0.941, 0.987, 1.044, 1.106, 1.169, 1.228, 1.28, 1.323, 1.353, 1.37, 1.372, 1.358, 1.329, 1.285, 1.227, 1.158, 1.079, 0.992, 0.903, 0.813, 0.726, 0.646, 0.575, 0.517, 0.474, 0.448, 0.439
2656, 1, 0.999, 1.011, 1.012, 0.991, 0.956, 0.92, 0.896, 0.89, 0.905, 0.938, 0.986, 1.045, 1.109, 1.174, 1.236, 1.29, 1.334, 1.365, 1.382, 1.383, 1.367, 1.336, 1.289, 1.228, 1.155, 1.072, 0.982, 0.888, 0.795, 0.704, 0.621, 0.547, 0.487, 0.443, 0.415, 0.406
2664, 1, 0.999, 1.011, 1.013, 0.991, 0.954, 0.917, 0.892, 0.886, 0.901, 0.935, 0.986, 1.047, 1.113, 1.181, 1.244, 1.3, 1.345, 1.377, 1.393, 1.393, 1.377, 1.343, 1.294, 1.23, 1.153, 1.066, 0.972, 0.874, 0.776, 0.682, 0.596, 0.52, 0.458, 0.411, 0.383, 0.373
2672, 1, 0.999, 1.012, 1.014, 0.991, 0.952, 0.914, 0.888, 0.882, 0.897, 0.933, 0.985, 1.048, 1.117, 1.187, 1.253, 1.311, 1.357, 1.389, 1.405, 1.405, 1.386, 1.35, 1.298, 1.23, 1.15, 1.059, 0.961, 0.86, 0.758, 0.661, 0.571, 0.493, 0.428, 0.38, 0.351, 0.341
2680, 1, 0.999, 1.012, 1.014, 0.99, 0.951, 0.911, 0.884, 0.877, 0.893, 0.93, 0.985, 1.05, 1.122, 1.194, 1.262, 1.322, 1.369, 1.401, 1.417, 1.416, 1.396, 1.357, 1.302, 1.231, 1.147, 1.052, 0.951, 0.845, 0.74, 0.639, 0.547, 0.466, 0.399, 0.35, 0.319, 0.309
2688, 1, 0.999, 1.013, 1.015, 0.99, 0.949, 0.907, 0.879, 0.873, 0.889, 0.928, 0.985, 1.053, 1.127, 1.202, 1.272, 1.333, 1.381, 1.414, 1.43, 1.427, 1.405, 1.365, 1.306, 1.232, 1.144, 1.046, 0.94, 0.831, 0.722, 0.618, 0.523, 0.439, 0.371, 0.32, 0.289, 0.279
2696, 1, 0.999, 1.013, 1.015, 0.989, 0.946, 0.904, 0.875, 0.868, 0.886, 0.926, 0.985, 1.056, 1.133, 1.21, 1.282, 1.345, 1.394, 1.427, 1.443, 1.438, 1.415, 1.372, 1.31, 1.233, 1.141, 1.039, 0.93, 0.817, 0.705, 0.598, 0.5, 0.414, 0.344, 0.292, 0.26, 0.249
2704, 1, 0.999, 1.014, 1.016, 0.989, 0.944, 0.9, 0.87, 0.863, 0.882, 0.924, 0.985, 1.059, 1.139, 1.219, 1.293, 1.357, 1.408, 1.441, 1.456, 1.45, 1.424, 1.379, 1.314, 1.233, 1.138, 1.032, 0.919, 0.803, 0.688, 0.578, 0.477, 0.389, 0.318, 0.265, 0.232, 0.221
2712, 1, 0.999, 1.014, 1.016, 0.988, 0.942, 0.896, 0.865, 0.859, 0.878, 0.923, 0.986, 1.063, 1.145, 1.228, 1.304, 1.37, 1.421, 1.455, 1.469, 1.462, 1.434, 1.386, 1.318, 1.234, 1.135, 1.026, 0.909, 0.789, 0.671, 0.559, 0.456, 0.366, 0.293, 0.239, 0.205, 0.194
2720, 1, 0.999, 1.015, 1.016, 0.987, 0.939, 0.892, 0.861, 0.854, 0.875, 0.921, 0.987, 1.067, 1.152, 1.238, 1.316, 1.383, 1.435, 1.469, 1.482, 1.473, 1.443, 1.392, 1.322, 1.234, 1.132, 1.019, 0.899, 0.776, 0.656, 0.541, 0.436, 0.344, 0.27, 0.215, 0.181, 0.17
2728, 1, 0.999, 1.016, 1.017, 0.986, 0.936, 0.887, 0.856, 0.85, 0.872, 0.92, 0.989, 1.071, 1.16, 1.248, 1.329, 1.397, 1.45, 1.483, 1.495, 1.485, 1.453, 1.399, 1.325, 1.234, 1.129, 1.012, 0.889, 0.764, 0.641, 0.524, 0.417, 0.325, 0.249, 0.194, 0.159, 0.148
2736, 1, 0.999, 1.016, 1.017, 0.985, 0.933, 0.883, 0.851, 0.845, 0.869, 0.919, 0.991, 1.077, 1.168, 1.259, 1.341, 1.411, 1.464, 1.497, 1.508, 1.496, 1.462, 1.405, 1.328, 1.234, 1.125, 1.006, 0.88, 0.752, 0.627, 0.508, 0.4, 0.307, 0.231, 0.174, 0.14, 0.128
2744, 1, 0.999, 1.017, 1.018, 0.984, 0.93, 0.878, 0.845, 0.84, 0.866, 0.919, 0.994, 1.082, 1.177, 1.27, 1.355, 1.426, 1.479, 1.512, 1.521, 1.508, 1.471, 1.411, 1.331, 1.234, 1.122, 1, 0.872, 0.742, 0.614, 0.494, 0.385, 0.291, 0.215, 0.158, 0.124, 0.112
2752, 1, 0.999, 1.017, 1.018, 0.983, 0.927, 0.874, 0.84, 0.836, 0.863, 0.919, 0.997, 1.089, 1.186, 1.282, 1.369, 1.441, 1.494, 1.526, 1.534, 1.519, 1.479, 1.417, 1.334, 1.234, 1.119, 0.994, 0.864, 0.732, 0.603, 0.482, 0.373, 0.278, 0.202, 0.145, 0.111, 0.099
2760, 1, 0.999, 1.018, 1.018, 0.981, 0.923, 0.869, 0.835, 0.832, 0.861, 0.919, 1, 1.096, 1.196, 1.294, 1.383, 1.456, 1.509, 1.54, 1.547, 1.529, 1.487, 1.422, 1.336, 1.233, 1.116, 0.989, 0.856, 0.723, 0.594, 0.472, 0.363, 0.268, 0.192, 0.136, 0.102, 0.09
2768, 1, 0.999, 1.019, 1.018, 0.979, 0.92, 0.864, 0.83, 0.828, 0.859, 0.92, 1.005, 1.103, 1.207, 1.307, 1.397, 1.471, 1.525, 1.555, 1.56, 1.54, 1.495, 1.427, 1.338, 1.232, 1.112, 0.984, 0.85, 0.716, 0.586, 0.465, 0.355, 0.262, 0.186, 0.131, 0.097, 0.085
2776, 1, 0.999, 1.019, 1.018, 0.978, 0.916, 0.859, 0.825, 0.824, 0.857, 0.922, 1.01, 1.111, 1.218, 1.321, 1.412, 1.487, 1.54, 1.569, 1.572, 1.55, 1.502, 1.431, 1.34, 1.231, 1.109, 0.979, 0.844, 0.71, 0.58, 0.459, 0.351, 0.259, 0.184, 0.129, 0.096, 0.085
2784, 1, 0.999, 1.02, 1.018, 0.976, 0.912, 0.854, 0.82, 0.82, 0.856, 0.924, 1.015, 1.12, 1.23, 1.335, 1.428, 1.502, 1.555, 1.583, 1.584, 1.559, 1.508, 1.435, 1.341, 1.23, 1.106, 0.975, 0.839, 0.705, 0.576, 0.457, 0.35, 0.259, 0.186, 0.133, 0.101, 0.09
2792, 1, 0.999, 1.021, 1.018, 0.973, 0.908, 0.849, 0.815, 0.817, 0.855, 0.926, 1.021, 1.13, 1.242, 1.349, 1.443, 1.518, 1.57, 1.596, 1.595, 1.567, 1.514, 1.438, 1.341, 1.228, 1.103, 0.971, 0.836, 0.702, 0.575, 0.458, 0.353, 0.264, 0.193, 0.141, 0.11, 0.1
2800, 1, 0.999, 1.021, 1.018, 0.971, 0.904, 0.843, 0.81, 0.814, 0.855, 0.93, 1.028, 1.14, 1.255, 1.364, 1.459, 1.534, 1.585, 1.609, 1.606, 1.575, 1.519, 1.44, 1.341, 1.227, 1.101, 0.968, 0.834, 0.702, 0.576, 0.461, 0.359, 0.274, 0.205, 0.155, 0.125, 0.115
2808, 1, 1, 1.022, 1.017, 0.969, 0.899, 0.838, 0.805, 0.811, 0.855, 0.933, 1.036, 1.151, 1.268, 1.379, 1.475, 1.549, 1.599, 1.622, 1.616, 1.583, 1.524, 1.442, 1.341, 1.225, 1.098, 0.966, 0.833, 0.703, 0.58, 0.468, 0.37, 0.287, 0.222, 0.175, 0.146, 0.137
2816, 1, 1, 1.023, 1.017, 0.966, 0.895, 0.833, 0.801, 0.809, 0.856, 0.938, 1.044, 1.162, 1.282, 1.394, 1.49, 1.565, 1.613, 1.633, 1.625, 1.589, 1.527, 1.443, 1.34, 1.223, 1.096, 0.964, 0.833, 0.706, 0.587, 0.479, 0.385, 0.306, 0.244, 0.2, 0.173, 0.164
2824, 1, 1, 1.023, 1.016, 0.963, 0.89, 0.828, 0.797, 0.807, 0.858, 0.943, 1.052, 1.174, 1.296, 1.41, 1.506, 1.58, 1.626, 1.644, 1.633, 1.594, 1.53, 1.443, 1.338, 1.22, 1.094, 0.964, 0.835, 0.711, 0.596, 0.493, 0.404, 0.33, 0.272, 0.231, 0.206, 0.198
2832, 1, 1, 1.024, 1.015, 0.96, 0.886, 0.823, 0.793, 0.805, 0.86, 0.949, 1.062, 1.186, 1.311, 1.425, 1.522, 1.594, 1.639, 1.655, 1.64, 1.598, 1.531, 1.442, 1.336, 1.218, 1.092, 0.964, 0.838, 0.718, 0.608, 0.511, 0.427, 0.359, 0.305, 0.268, 0.245, 0.238
2840, 1, 1, 1.024, 1.014, 0.957, 0.881, 0.818, 0.789, 0.804, 0.862, 0.955, 1.071, 1.199, 1.326, 1.441, 1.537, 1.609, 1.651, 1.664, 1.647, 1.602, 1.532, 1.441, 1.334, 1.215, 1.091, 0.965, 0.843, 0.728, 0.624, 0.532, 0.455, 0.392, 0.344, 0.311, 0.291, 0.284
2848, 1, 1, 1.025, 1.014, 0.954, 0.877, 0.814, 0.786, 0.804, 0.865, 0.962, 1.082, 1.212, 1.341, 1.457, 1.552, 1.622, 1.662, 1.672, 1.652, 1.604, 1.531, 1.438, 1.33, 1.212, 1.089, 0.967, 0.849, 0.74, 0.642, 0.558, 0.487, 0.431, 0.389, 0.359, 0.342, 0.337
2856, 1, 1, 1.025, 1.012, 0.951, 0.872, 0.809, 0.783, 0.804, 0.869, 0.969, 1.093, 1.226, 1.356, 1.472, 1.567, 1.635, 1.673, 1.679, 1.656, 1.605, 1.53, 1.435, 1.327, 1.209, 1.089, 0.97, 0.857, 0.754, 0.663, 0.587, 0.524, 0.475, 0.439, 0.414, 0.4, 0.396
2864, 1, 1.001, 1.026, 1.011, 0.948, 0.868, 0.805, 0.781, 0.805, 0.873, 0.978, 1.104, 1.24, 1.371, 1.488, 1.582, 1.647, 1.682, 1.686, 1.659, 1.605, 1.527, 1.431, 1.322, 1.206, 1.088, 0.973, 0.866, 0.77, 0.688, 0.619, 0.565, 0.523, 0.494, 0.475, 0.464, 0.46
2872, 1, 1.001, 1.026, 1.01, 0.945, 0.863, 0.801, 0.779, 0.806, 0.878, 0.986, 1.116, 1.254, 1.386, 1.502, 1.595, 1.659, 1.691, 1.691, 1.661, 1.603, 1.524, 1.426, 1.317, 1.203, 1.088, 0.978, 0.877, 0.789, 0.715, 0.655, 0.61, 0.577, 0.554, 0.541, 0.533, 0.531
2880, 1, 1.001, 1.026, 1.008, 0.941, 0.859, 0.797, 0.778, 0.808, 0.884, 0.995, 1.128, 1.268, 1.401, 1.517, 1.608, 1.669, 1.698, 1.695, 1.661, 1.601, 1.519, 1.421, 1.312, 1.199, 1.088, 0.984, 0.889, 0.809, 0.744, 0.694, 0.658, 0.634, 0.62, 0.612, 0.608, 0.607
2888, 1, 1.002, 1.026, 1.007, 0.938, 0.855, 0.794, 0.776, 0.81, 0.89, 1.005, 1.14, 1.282, 1.415, 1.531, 1.62, 1.679, 1.704, 1.698, 1.661, 1.598, 1.514, 1.415, 1.307, 1.196, 1.089, 0.99, 0.903, 0.832, 0.776, 0.736, 0.711, 0.696, 0.689, 0.687, 0.688, 0.688
2896, 1, 1.002, 1.027, 1.006, 0.934, 0.851, 0.79, 0.776, 0.813, 0.896, 1.014, 1.153, 1.296, 1.43, 1.544, 1.632, 1.688, 1.71, 1.699, 1.659, 1.593, 1.507, 1.408, 1.3, 1.192, 1.09, 0.997, 0.918, 0.856, 0.81, 0.781, 0.766, 0.761, 0.763, 0.768, 0.772, 0.773
2904, 1, 1.002, 1.027, 1.004, 0.931, 0.847, 0.788, 0.775, 0.816, 0.903, 1.025, 1.165, 1.31, 1.444, 1.557, 1.643, 1.695, 1.714, 1.7, 1.656, 1.588, 1.5, 1.4, 1.294, 1.189, 1.091, 1.005, 0.934, 0.881, 0.847, 0.829, 0.825, 0.83, 0.84, 0.852, 0.86, 0.863
2912, 1, 1.002, 1.027, 1.002, 0.927, 0.843, 0.785, 0.776, 0.82, 0.91, 1.035, 1.178, 1.323, 1.458, 1.57, 1.652, 1.702, 1.717, 1.7, 1.653, 1.582, 1.492, 1.392, 1.288, 1.186, 1.093, 1.013, 0.951, 0.909, 0.885, 0.878, 0.885, 0.901, 0.921, 0.939, 0.952, 0.957
2920, 1, 1.002, 1.027, 1, 0.924, 0.839, 0.783, 0.776, 0.824, 0.918, 1.046, 1.191, 1.337, 1.471, 1.581, 1.661, 1.708, 1.719, 1.698, 1.648, 1.575, 1.484, 1.384, 1.281, 1.182, 1.094, 1.022, 0.969, 0.937, 0.925, 0.93, 0.949, 0.976, 1.004, 1.03, 1.047, 1.053
2928, 1, 1.003, 1.027, 0.999, 0.921, 0.836, 0.781, 0.777, 0.828, 0.926, 1.056, 1.203, 1.35, 1.483, 1.592, 1.669, 1.712, 1.72, 1.696, 1.643, 1.567, 1.475, 1.375, 1.274, 1.179, 1.097, 1.032, 0.988, 0.966, 0.966, 0.983, 1.014, 1.052, 1.09, 1.123, 1.145, 1.152
2936, 1, 1.003, 1.027, 0.997, 0.918, 0.833, 0.78, 0.779, 0.833, 0.934, 1.067, 1.216, 1.363, 1.495, 1.602, 1.677, 1.716, 1.72, 1.692, 1.636, 1.558, 1.465, 1.366, 1.266, 1.175, 1.099, 1.042, 1.008, 0.997, 1.008, 1.038, 1.081, 1.13, 1.178, 1.218, 1.244, 1.254
2944, 1, 1.003, 1.027, 0.995, 0.914, 0.83, 0.778, 0.78, 0.838, 0.942, 1.078, 1.228, 1.375, 1.506, 1.611, 1.683, 1.719, 1.72, 1.688, 1.629, 1.549, 1.456, 1.356, 1.259, 1.172, 1.102, 1.052, 1.027, 1.028, 1.051, 1.093, 1.148, 1.209, 1.267, 1.315, 1.346, 1.357
2952, 1, 1.004, 1.026, 0.993, 0.911, 0.827, 0.778, 0.782, 0.843, 0.951, 1.089, 1.24, 1.387, 1.517, 1.619, 1.688, 1.721, 1.718, 1.683, 1.622, 1.54, 1.446, 1.347, 1.252, 1.169, 1.105, 1.063, 1.048, 1.059, 1.094, 1.149, 1.217, 1.289, 1.357, 1.413, 1.449, 1.461
2960, 1, 1.004, 1.026, 0.991, 0.908, 0.824, 0.777, 0.785, 0.849, 0.959, 1.099, 1.251, 1.398, 1.527, 1.627, 1.693, 1.722, 1.716, 1.678, 1.614, 1.53, 1.435, 1.337, 1.245, 1.166, 1.107, 1.074, 1.068, 1.09, 1.138, 1.206, 1.286, 1.37, 1.448, 1.511, 1.553, 1.567
2968, 1, 1.004, 1.026, 0.989, 0.906, 0.822, 0.777, 0.787, 0.855, 0.968, 1.11, 1.262, 1.409, 1.536, 1.633, 1.696, 1.722, 1.713, 1.672, 1.605, 1.52, 1.425, 1.328, 1.238, 1.163, 1.111, 1.085, 1.088, 1.122, 1.182, 1.262, 1.355, 1.451, 1.54, 1.611, 1.657, 1.673
2976, 1, 1.004, 1.026, 0.988, 0.903, 0.82, 0.777, 0.79, 0.86, 0.976, 1.12, 1.273, 1.419, 1.544, 1.639, 1.699, 1.722, 1.709, 1.665, 1.597, 1.51, 1.415, 1.319, 1.232, 1.161, 1.114, 1.095, 1.109, 1.153, 1.225, 1.319, 1.425, 1.532, 1.631, 1.711, 1.762, 1.78
2984, 1, 1.005, 1.025, 0.986, 0.9, 0.818, 0.777, 0.793, 0.866, 0.985, 1.13, 1.284, 1.429, 1.552, 1.644, 1.701, 1.72, 1.705, 1.659, 1.588, 1.5, 1.405, 1.31, 1.225, 1.158, 1.117, 1.106, 1.129, 1.184, 1.268, 1.375, 1.494, 1.614, 1.723, 1.811, 1.867, 1.887
2992, 1, 1.005, 1.025, 0.984, 0.898, 0.816, 0.777, 0.796, 0.873, 0.993, 1.14, 1.293, 1.438, 1.559, 1.649, 1.702, 1.719, 1.7, 1.651, 1.579, 1.491, 1.395, 1.301, 1.219, 1.156, 1.12, 1.117, 1.148, 1.214, 1.311, 1.43, 1.562, 1.695, 1.815, 1.911, 1.973, 1.994
</Data>