<Source> SigmaCalcv1.6 (r33) </Source> 
<Created> File created 09-10-2009 17:17:27 by Nuno P. Barradas</Created> 
<Comment>  </Comment> 
<Reaction>  </Reaction> 
<EnergyRange> </EnergyRange>
<AnglesNumber>  29 </AnglesNumber> 
<EnergiesNumber>  277 </EnergiesNumber>  
<Data> 
, 1, 5, 10, 20, 30, 40, 50, 60, 70, 80, 90, 95, 100, 105, 110, 115, 120, 125, 130, 135, 140, 145, 150, 155, 160, 165, 170, 175, 180
360, 1, 1, 1, 1.005, 1, 0.996, 0.994, 0.988, 0.975, 0.957, 0.942, 0.936, 0.933, 0.932, 0.934, 0.939, 0.945, 0.954, 0.964, 0.975, 0.986, 0.997, 1.008, 1.018, 1.026, 1.033, 1.038, 1.042, 1.042
380, 1, 1, 1, 1.003, 1.008, 1.014, 1.013, 0.998, 0.968, 0.93, 0.894, 0.879, 0.866, 0.857, 0.85, 0.847, 0.847, 0.85, 0.855, 0.861, 0.869, 0.876, 0.884, 0.892, 0.899, 0.904, 0.908, 0.911, 0.911
390, 1, 1, 0.999, 1.003, 1.013, 1.024, 1.022, 1, 0.961, 0.911, 0.864, 0.843, 0.825, 0.811, 0.801, 0.794, 0.791, 0.79, 0.792, 0.796, 0.802, 0.808, 0.815, 0.821, 0.827, 0.831, 0.835, 0.837, 0.838
400, 1, 1, 0.999, 1.004, 1.021, 1.036, 1.032, 1.002, 0.949, 0.886, 0.824, 0.797, 0.774, 0.755, 0.74, 0.729, 0.721, 0.718, 0.717, 0.718, 0.722, 0.726, 0.731, 0.736, 0.741, 0.745, 0.748, 0.75, 0.75
405, 1, 1, 0.998, 1.004, 1.026, 1.043, 1.038, 1.001, 0.941, 0.869, 0.8, 0.769, 0.743, 0.72, 0.703, 0.689, 0.68, 0.674, 0.672, 0.672, 0.674, 0.678, 0.682, 0.687, 0.691, 0.695, 0.697, 0.699, 0.7
410, 1, 1, 0.998, 1.005, 1.032, 1.052, 1.043, 1, 0.93, 0.849, 0.77, 0.736, 0.706, 0.68, 0.66, 0.644, 0.632, 0.625, 0.621, 0.62, 0.622, 0.624, 0.627, 0.631, 0.635, 0.638, 0.641, 0.643, 0.643
415, 1, 1, 0.997, 1.006, 1.039, 1.061, 1.049, 0.997, 0.916, 0.823, 0.735, 0.696, 0.662, 0.633, 0.61, 0.592, 0.578, 0.569, 0.564, 0.562, 0.562, 0.564, 0.567, 0.57, 0.573, 0.576, 0.579, 0.58, 0.581
420, 1, 1, 0.996, 1.008, 1.047, 1.072, 1.054, 0.991, 0.897, 0.791, 0.692, 0.648, 0.61, 0.578, 0.551, 0.531, 0.515, 0.505, 0.499, 0.495, 0.495, 0.496, 0.499, 0.502, 0.505, 0.508, 0.51, 0.512, 0.512
425, 1, 1.001, 0.995, 1.01, 1.058, 1.084, 1.059, 0.982, 0.871, 0.75, 0.638, 0.59, 0.547, 0.512, 0.483, 0.46, 0.444, 0.432, 0.425, 0.422, 0.421, 0.423, 0.426, 0.429, 0.433, 0.436, 0.438, 0.44, 0.44
430, 1, 1.001, 0.993, 1.014, 1.072, 1.098, 1.061, 0.966, 0.835, 0.696, 0.571, 0.518, 0.472, 0.434, 0.403, 0.38, 0.363, 0.352, 0.346, 0.344, 0.344, 0.347, 0.351, 0.356, 0.36, 0.364, 0.367, 0.369, 0.37
435, 1, 1.001, 0.991, 1.02, 1.089, 1.112, 1.058, 0.939, 0.784, 0.625, 0.487, 0.43, 0.382, 0.343, 0.313, 0.291, 0.277, 0.269, 0.266, 0.267, 0.272, 0.278, 0.285, 0.293, 0.3, 0.306, 0.311, 0.314, 0.315
440, 1, 1, 0.989, 1.03, 1.109, 1.124, 1.045, 0.894, 0.71, 0.532, 0.384, 0.327, 0.28, 0.244, 0.22, 0.204, 0.197, 0.197, 0.203, 0.212, 0.225, 0.239, 0.254, 0.268, 0.281, 0.291, 0.299, 0.304, 0.305
445, 1, 1, 0.987, 1.044, 1.132, 1.128, 1.012, 0.821, 0.606, 0.413, 0.267, 0.215, 0.178, 0.155, 0.144, 0.145, 0.155, 0.172, 0.196, 0.223, 0.252, 0.282, 0.311, 0.337, 0.36, 0.379, 0.393, 0.401, 0.404
450, 1, 0.999, 0.985, 1.063, 1.152, 1.113, 0.944, 0.707, 0.468, 0.276, 0.157, 0.127, 0.115, 0.12, 0.141, 0.174, 0.218, 0.269, 0.326, 0.386, 0.445, 0.503, 0.557, 0.606, 0.647, 0.681, 0.706, 0.721, 0.726
451, 1, 0.999, 0.985, 1.068, 1.155, 1.105, 0.925, 0.679, 0.438, 0.25, 0.141, 0.117, 0.113, 0.127, 0.156, 0.199, 0.252, 0.313, 0.379, 0.447, 0.515, 0.58, 0.641, 0.696, 0.742, 0.78, 0.807, 0.824, 0.829
452, 1, 0.998, 0.985, 1.073, 1.157, 1.097, 0.903, 0.649, 0.407, 0.225, 0.128, 0.112, 0.117, 0.14, 0.179, 0.232, 0.296, 0.367, 0.443, 0.52, 0.597, 0.671, 0.739, 0.8, 0.852, 0.893, 0.924, 0.942, 0.949
453, 1, 0.998, 0.985, 1.077, 1.158, 1.086, 0.88, 0.619, 0.376, 0.202, 0.119, 0.112, 0.127, 0.16, 0.211, 0.275, 0.349, 0.432, 0.518, 0.606, 0.693, 0.775, 0.851, 0.919, 0.976, 1.023, 1.056, 1.077, 1.084
454, 1, 0.998, 0.986, 1.082, 1.158, 1.073, 0.855, 0.587, 0.346, 0.182, 0.115, 0.118, 0.144, 0.189, 0.251, 0.327, 0.414, 0.508, 0.606, 0.705, 0.802, 0.893, 0.978, 1.053, 1.117, 1.168, 1.205, 1.228, 1.235
455, 1, 0.997, 0.986, 1.087, 1.157, 1.058, 0.828, 0.555, 0.318, 0.166, 0.117, 0.131, 0.169, 0.226, 0.301, 0.39, 0.49, 0.596, 0.706, 0.817, 0.924, 1.026, 1.119, 1.202, 1.272, 1.328, 1.369, 1.394, 1.402
456, 1, 0.997, 0.987, 1.091, 1.154, 1.042, 0.8, 0.523, 0.292, 0.154, 0.126, 0.152, 0.202, 0.272, 0.361, 0.464, 0.576, 0.696, 0.819, 0.941, 1.06, 1.171, 1.274, 1.364, 1.441, 1.502, 1.547, 1.574, 1.583
457, 1, 0.997, 0.987, 1.095, 1.15, 1.023, 0.771, 0.492, 0.268, 0.146, 0.141, 0.18, 0.243, 0.328, 0.43, 0.547, 0.674, 0.807, 0.942, 1.077, 1.207, 1.329, 1.44, 1.539, 1.622, 1.689, 1.738, 1.767, 1.777
458, 1, 0.996, 0.988, 1.099, 1.144, 1.003, 0.741, 0.462, 0.249, 0.145, 0.164, 0.216, 0.293, 0.392, 0.509, 0.64, 0.78, 0.927, 1.076, 1.222, 1.363, 1.496, 1.617, 1.723, 1.813, 1.885, 1.938, 1.969, 1.98
459, 1, 0.996, 0.989, 1.102, 1.137, 0.982, 0.712, 0.435, 0.233, 0.15, 0.194, 0.259, 0.351, 0.464, 0.596, 0.741, 0.895, 1.055, 1.217, 1.375, 1.528, 1.67, 1.8, 1.914, 2.011, 2.088, 2.144, 2.178, 2.189
460, 1, 0.995, 0.991, 1.105, 1.129, 0.96, 0.683, 0.41, 0.223, 0.161, 0.231, 0.31, 0.416, 0.544, 0.689, 0.848, 1.016, 1.189, 1.363, 1.533, 1.696, 1.848, 1.987, 2.108, 2.211, 2.293, 2.353, 2.389, 2.401
461, 1, 0.995, 0.992, 1.107, 1.119, 0.937, 0.655, 0.389, 0.217, 0.178, 0.274, 0.368, 0.487, 0.629, 0.788, 0.96, 1.141, 1.326, 1.511, 1.692, 1.865, 2.027, 2.173, 2.301, 2.41, 2.496, 2.559, 2.597, 2.61
462, 1, 0.995, 0.994, 1.108, 1.108, 0.914, 0.629, 0.371, 0.218, 0.202, 0.324, 0.431, 0.563, 0.718, 0.89, 1.074, 1.267, 1.464, 1.659, 1.85, 2.032, 2.202, 2.355, 2.49, 2.604, 2.694, 2.76, 2.8, 2.813
463, 1, 0.994, 0.995, 1.108, 1.096, 0.892, 0.606, 0.358, 0.223, 0.23, 0.378, 0.497, 0.643, 0.809, 0.993, 1.188, 1.392, 1.599, 1.804, 2.003, 2.193, 2.37, 2.53, 2.67, 2.788, 2.882, 2.95, 2.992, 3.006
464, 1, 0.994, 0.997, 1.107, 1.083, 0.87, 0.586, 0.35, 0.234, 0.264, 0.435, 0.567, 0.723, 0.901, 1.095, 1.3, 1.513, 1.728, 1.942, 2.148, 2.345, 2.528, 2.693, 2.838, 2.96, 3.057, 3.127, 3.17, 3.184
465, 1, 0.994, 0.998, 1.106, 1.07, 0.85, 0.569, 0.345, 0.249, 0.301, 0.495, 0.637, 0.804, 0.991, 1.194, 1.408, 1.628, 1.851, 2.071, 2.284, 2.486, 2.673, 2.843, 2.991, 3.116, 3.215, 3.287, 3.331, 3.346
470, 1, 0.994, 1.006, 1.093, 1.009, 0.773, 0.528, 0.378, 0.371, 0.513, 0.785, 0.962, 1.159, 1.372, 1.598, 1.832, 2.07, 2.307, 2.539, 2.763, 2.974, 3.169, 3.345, 3.499, 3.628, 3.73, 3.805, 3.85, 3.865
475, 1, 0.994, 1.01, 1.074, 0.964, 0.741, 0.544, 0.458, 0.513, 0.702, 1.003, 1.186, 1.385, 1.597, 1.819, 2.046, 2.274, 2.501, 2.722, 2.934, 3.134, 3.318, 3.483, 3.628, 3.749, 3.846, 3.916, 3.958, 3.972
480, 1, 0.995, 1.013, 1.058, 0.938, 0.737, 0.583, 0.543, 0.632, 0.838, 1.136, 1.312, 1.5, 1.698, 1.904, 2.112, 2.322, 2.529, 2.73, 2.923, 3.104, 3.271, 3.421, 3.552, 3.662, 3.749, 3.813, 3.851, 3.864
485, 1, 0.995, 1.014, 1.045, 0.923, 0.745, 0.624, 0.614, 0.721, 0.927, 1.211, 1.374, 1.548, 1.73, 1.916, 2.106, 2.295, 2.482, 2.663, 2.837, 3, 3.15, 3.285, 3.404, 3.502, 3.581, 3.638, 3.673, 3.684
490, 1, 0.996, 1.015, 1.035, 0.916, 0.757, 0.661, 0.67, 0.784, 0.985, 1.251, 1.402, 1.561, 1.727, 1.897, 2.069, 2.241, 2.41, 2.575, 2.732, 2.879, 3.016, 3.138, 3.245, 3.335, 3.406, 3.458, 3.489, 3.499
495, 1, 0.996, 1.015, 1.027, 0.912, 0.769, 0.693, 0.714, 0.831, 1.023, 1.272, 1.411, 1.558, 1.711, 1.866, 2.024, 2.181, 2.336, 2.486, 2.63, 2.765, 2.889, 3.001, 3.099, 3.182, 3.247, 3.294, 3.323, 3.333
500, 1, 0.997, 1.015, 1.022, 0.911, 0.781, 0.718, 0.748, 0.865, 1.049, 1.282, 1.411, 1.548, 1.689, 1.833, 1.978, 2.123, 2.266, 2.405, 2.538, 2.663, 2.779, 2.882, 2.973, 3.049, 3.11, 3.154, 3.181, 3.189
505, 1, 0.997, 1.015, 1.017, 0.91, 0.792, 0.74, 0.775, 0.89, 1.066, 1.286, 1.407, 1.535, 1.666, 1.801, 1.936, 2.071, 2.205, 2.335, 2.459, 2.576, 2.684, 2.781, 2.866, 2.938, 2.994, 3.036, 3.061, 3.069
510, 1, 0.997, 1.014, 1.014, 0.91, 0.801, 0.757, 0.797, 0.91, 1.079, 1.286, 1.401, 1.521, 1.645, 1.771, 1.899, 2.026, 2.152, 2.274, 2.391, 2.502, 2.603, 2.696, 2.776, 2.844, 2.897, 2.936, 2.96, 2.968
515, 1, 0.998, 1.014, 1.011, 0.911, 0.809, 0.772, 0.815, 0.925, 1.087, 1.286, 1.395, 1.508, 1.625, 1.745, 1.866, 1.987, 2.106, 2.222, 2.334, 2.439, 2.536, 2.623, 2.7, 2.765, 2.816, 2.853, 2.876, 2.883
520, 1, 0.998, 1.014, 1.008, 0.911, 0.816, 0.784, 0.829, 0.938, 1.094, 1.284, 1.388, 1.496, 1.608, 1.722, 1.838, 1.953, 2.067, 2.178, 2.285, 2.385, 2.479, 2.563, 2.636, 2.698, 2.748, 2.783, 2.805, 2.812
525, 1, 0.998, 1.014, 1.006, 0.912, 0.822, 0.795, 0.841, 0.948, 1.099, 1.282, 1.382, 1.486, 1.593, 1.703, 1.813, 1.924, 2.034, 2.141, 2.243, 2.341, 2.43, 2.511, 2.583, 2.642, 2.69, 2.725, 2.746, 2.753
530, 1, 0.998, 1.014, 1.004, 0.912, 0.827, 0.804, 0.852, 0.957, 1.104, 1.28, 1.376, 1.476, 1.58, 1.685, 1.792, 1.899, 2.005, 2.109, 2.208, 2.302, 2.389, 2.468, 2.537, 2.595, 2.642, 2.675, 2.696, 2.703
540, 1, 0.999, 1.014, 1.001, 0.913, 0.835, 0.819, 0.868, 0.97, 1.11, 1.276, 1.367, 1.461, 1.558, 1.658, 1.759, 1.86, 1.96, 2.058, 2.153, 2.242, 2.325, 2.4, 2.466, 2.522, 2.566, 2.598, 2.618, 2.625
550, 1, 0.999, 1.013, 0.999, 0.913, 0.841, 0.83, 0.881, 0.981, 1.115, 1.274, 1.36, 1.45, 1.543, 1.638, 1.735, 1.832, 1.928, 2.022, 2.113, 2.199, 2.279, 2.352, 2.416, 2.47, 2.512, 2.544, 2.563, 2.569
560, 1, 0.999, 1.013, 0.997, 0.913, 0.846, 0.838, 0.89, 0.989, 1.119, 1.273, 1.356, 1.443, 1.532, 1.624, 1.717, 1.811, 1.905, 1.996, 2.085, 2.169, 2.247, 2.318, 2.38, 2.433, 2.475, 2.505, 2.524, 2.53
570, 1, 1, 1.013, 0.995, 0.913, 0.85, 0.845, 0.898, 0.996, 1.123, 1.273, 1.353, 1.438, 1.525, 1.615, 1.706, 1.797, 1.889, 1.978, 2.065, 2.148, 2.225, 2.295, 2.356, 2.408, 2.449, 2.479, 2.498, 2.504
580, 1, 1, 1.013, 0.993, 0.913, 0.853, 0.851, 0.905, 1.002, 1.127, 1.274, 1.353, 1.435, 1.521, 1.609, 1.698, 1.789, 1.879, 1.967, 2.053, 2.134, 2.211, 2.28, 2.34, 2.392, 2.433, 2.463, 2.481, 2.487
590, 1, 1, 1.013, 0.991, 0.912, 0.855, 0.855, 0.911, 1.007, 1.131, 1.275, 1.353, 1.435, 1.519, 1.606, 1.695, 1.784, 1.873, 1.961, 2.046, 2.127, 2.203, 2.271, 2.332, 2.383, 2.424, 2.454, 2.472, 2.478
600, 1, 1, 1.013, 0.99, 0.912, 0.857, 0.859, 0.916, 1.012, 1.135, 1.278, 1.355, 1.436, 1.52, 1.606, 1.694, 1.782, 1.871, 1.958, 2.043, 2.124, 2.2, 2.268, 2.329, 2.381, 2.421, 2.451, 2.47, 2.476
620, 1, 1, 1.013, 0.987, 0.91, 0.859, 0.865, 0.924, 1.021, 1.144, 1.285, 1.362, 1.442, 1.525, 1.611, 1.699, 1.787, 1.876, 1.964, 2.049, 2.13, 2.206, 2.276, 2.337, 2.389, 2.43, 2.461, 2.479, 2.485
640, 1, 1.001, 1.012, 0.984, 0.907, 0.859, 0.869, 0.931, 1.029, 1.153, 1.295, 1.372, 1.453, 1.536, 1.623, 1.711, 1.8, 1.89, 1.979, 2.065, 2.148, 2.225, 2.296, 2.358, 2.411, 2.453, 2.484, 2.503, 2.509
660, 1, 1.001, 1.012, 0.981, 0.905, 0.859, 0.872, 0.936, 1.038, 1.163, 1.307, 1.385, 1.466, 1.551, 1.639, 1.728, 1.82, 1.911, 2.002, 2.09, 2.174, 2.253, 2.326, 2.39, 2.444, 2.487, 2.519, 2.538, 2.545
680, 1, 1.002, 1.012, 0.979, 0.902, 0.858, 0.874, 0.942, 1.045, 1.174, 1.32, 1.4, 1.483, 1.569, 1.659, 1.75, 1.844, 1.937, 2.03, 2.121, 2.208, 2.289, 2.363, 2.429, 2.485, 2.53, 2.562, 2.582, 2.589
700, 1, 1.002, 1.012, 0.976, 0.899, 0.857, 0.876, 0.947, 1.053, 1.185, 1.335, 1.416, 1.501, 1.59, 1.682, 1.776, 1.872, 1.968, 2.064, 2.157, 2.246, 2.33, 2.407, 2.475, 2.533, 2.579, 2.613, 2.634, 2.641
720, 1, 1.002, 1.012, 0.973, 0.896, 0.856, 0.877, 0.951, 1.062, 1.197, 1.351, 1.434, 1.522, 1.613, 1.707, 1.804, 1.903, 2.002, 2.101, 2.197, 2.29, 2.377, 2.456, 2.527, 2.587, 2.635, 2.67, 2.691, 2.698
740, 1, 1.002, 1.012, 0.97, 0.893, 0.854, 0.878, 0.956, 1.07, 1.209, 1.368, 1.454, 1.544, 1.638, 1.735, 1.835, 1.937, 2.04, 2.142, 2.242, 2.338, 2.428, 2.51, 2.583, 2.645, 2.695, 2.732, 2.754, 2.761
760, 1, 1.003, 1.011, 0.968, 0.889, 0.852, 0.879, 0.96, 1.078, 1.222, 1.385, 1.474, 1.567, 1.664, 1.765, 1.868, 1.974, 2.08, 2.186, 2.29, 2.389, 2.482, 2.568, 2.644, 2.709, 2.761, 2.798, 2.822, 2.829
780, 1, 1.003, 1.011, 0.965, 0.886, 0.85, 0.88, 0.964, 1.087, 1.235, 1.404, 1.496, 1.592, 1.692, 1.796, 1.904, 2.013, 2.123, 2.233, 2.34, 2.444, 2.541, 2.63, 2.709, 2.776, 2.83, 2.869, 2.893, 2.902
800, 1, 1.003, 1.011, 0.962, 0.882, 0.848, 0.88, 0.968, 1.095, 1.249, 1.424, 1.518, 1.618, 1.722, 1.829, 1.941, 2.054, 2.168, 2.282, 2.394, 2.501, 2.602, 2.695, 2.777, 2.847, 2.903, 2.944, 2.97, 2.978
820, 1, 1.004, 1.01, 0.96, 0.879, 0.846, 0.881, 0.973, 1.104, 1.263, 1.444, 1.542, 1.645, 1.752, 1.864, 1.979, 2.097, 2.216, 2.334, 2.45, 2.562, 2.667, 2.763, 2.849, 2.921, 2.98, 3.023, 3.049, 3.058
840, 1, 1.004, 1.01, 0.957, 0.875, 0.843, 0.881, 0.977, 1.113, 1.277, 1.464, 1.566, 1.672, 1.784, 1.9, 2.019, 2.141, 2.265, 2.388, 2.508, 2.624, 2.734, 2.834, 2.923, 2.999, 3.06, 3.105, 3.132, 3.142
860, 1, 1.004, 1.01, 0.954, 0.872, 0.841, 0.881, 0.981, 1.122, 1.292, 1.486, 1.591, 1.701, 1.817, 1.937, 2.061, 2.188, 2.316, 2.444, 2.569, 2.69, 2.804, 2.908, 3.001, 3.08, 3.144, 3.191, 3.219, 3.229
880, 1, 1.004, 1.009, 0.951, 0.868, 0.839, 0.882, 0.985, 1.131, 1.307, 1.507, 1.616, 1.731, 1.85, 1.975, 2.104, 2.235, 2.368, 2.501, 2.632, 2.757, 2.876, 2.985, 3.082, 3.164, 3.231, 3.279, 3.309, 3.319
900, 1, 1.004, 1.009, 0.949, 0.865, 0.836, 0.882, 0.99, 1.141, 1.323, 1.53, 1.642, 1.761, 1.885, 2.014, 2.148, 2.284, 2.423, 2.561, 2.696, 2.827, 2.951, 3.064, 3.165, 3.251, 3.321, 3.371, 3.402, 3.413
920, 1, 1.005, 1.008, 0.946, 0.861, 0.834, 0.882, 0.994, 1.15, 1.338, 1.552, 1.669, 1.792, 1.92, 2.054, 2.193, 2.335, 2.478, 2.622, 2.763, 2.899, 3.028, 3.146, 3.251, 3.341, 3.413, 3.466, 3.498, 3.509
940, 1, 1.005, 1.008, 0.943, 0.858, 0.831, 0.882, 0.999, 1.16, 1.354, 1.575, 1.696, 1.823, 1.956, 2.095, 2.239, 2.386, 2.535, 2.685, 2.831, 2.973, 3.107, 3.23, 3.34, 3.433, 3.509, 3.564, 3.598, 3.609
960, 1, 1.005, 1.008, 0.94, 0.854, 0.829, 0.883, 1.003, 1.17, 1.37, 1.599, 1.724, 1.855, 1.993, 2.137, 2.286, 2.439, 2.594, 2.749, 2.902, 3.049, 3.188, 3.317, 3.431, 3.529, 3.607, 3.665, 3.7, 3.712
980, 1, 1.005, 1.007, 0.938, 0.85, 0.826, 0.883, 1.007, 1.179, 1.386, 1.623, 1.752, 1.888, 2.03, 2.18, 2.334, 2.493, 2.654, 2.815, 2.974, 3.127, 3.272, 3.406, 3.525, 3.627, 3.709, 3.769, 3.806, 3.818
1000, 1, 1.005, 1.006, 0.935, 0.847, 0.823, 0.883, 1.012, 1.189, 1.403, 1.647, 1.78, 1.921, 2.069, 2.223, 2.383, 2.548, 2.715, 2.882, 3.047, 3.207, 3.358, 3.497, 3.622, 3.728, 3.813, 3.876, 3.915, 3.928
1020, 1, 1.006, 1.006, 0.932, 0.843, 0.821, 0.883, 1.016, 1.199, 1.419, 1.671, 1.809, 1.954, 2.107, 2.267, 2.433, 2.603, 2.777, 2.951, 3.123, 3.289, 3.446, 3.591, 3.721, 3.832, 3.921, 3.986, 4.026, 4.04
1040, 1, 1.006, 1.005, 0.929, 0.84, 0.818, 0.883, 1.021, 1.21, 1.436, 1.696, 1.838, 1.988, 2.146, 2.312, 2.483, 2.66, 2.84, 3.021, 3.2, 3.372, 3.536, 3.687, 3.822, 3.938, 4.031, 4.1, 4.141, 4.155
1060, 1, 1.006, 1.005, 0.927, 0.836, 0.815, 0.883, 1.025, 1.22, 1.453, 1.721, 1.867, 2.022, 2.186, 2.357, 2.535, 2.718, 2.905, 3.093, 3.278, 3.458, 3.628, 3.786, 3.927, 4.047, 4.145, 4.216, 4.26, 4.274
1080, 1, 1.006, 1.004, 0.924, 0.832, 0.812, 0.883, 1.03, 1.23, 1.47, 1.746, 1.897, 2.057, 2.226, 2.402, 2.587, 2.777, 2.97, 3.165, 3.358, 3.545, 3.723, 3.887, 4.034, 4.16, 4.261, 4.336, 4.381, 4.397
1100, 1, 1.006, 1.004, 0.921, 0.828, 0.809, 0.883, 1.034, 1.24, 1.487, 1.771, 1.927, 2.092, 2.266, 2.449, 2.639, 2.836, 3.037, 3.24, 3.44, 3.635, 3.82, 3.991, 4.144, 4.275, 4.381, 4.459, 4.506, 4.522
1120, 1, 1.006, 1.003, 0.918, 0.824, 0.806, 0.883, 1.038, 1.25, 1.504, 1.796, 1.957, 2.127, 2.306, 2.495, 2.692, 2.896, 3.105, 3.315, 3.523, 3.726, 3.918, 4.097, 4.256, 4.393, 4.504, 4.585, 4.635, 4.652
1140, 1, 1.006, 1.002, 0.916, 0.821, 0.803, 0.883, 1.043, 1.26, 1.521, 1.822, 1.987, 2.162, 2.347, 2.542, 2.746, 2.957, 3.173, 3.392, 3.608, 3.819, 4.02, 4.205, 4.372, 4.515, 4.631, 4.716, 4.768, 4.785
1160, 1, 1.006, 1.002, 0.913, 0.817, 0.8, 0.883, 1.047, 1.27, 1.538, 1.847, 2.017, 2.197, 2.388, 2.589, 2.8, 3.019, 3.243, 3.47, 3.695, 3.914, 4.123, 4.317, 4.491, 4.64, 4.761, 4.85, 4.904, 4.922
1180, 1, 1.006, 1.001, 0.91, 0.812, 0.797, 0.882, 1.051, 1.28, 1.555, 1.872, 2.047, 2.232, 2.429, 2.637, 2.855, 3.081, 3.313, 3.549, 3.783, 4.011, 4.229, 4.431, 4.613, 4.769, 4.895, 4.988, 5.045, 5.064
1200, 1, 1.007, 1.001, 0.907, 0.808, 0.793, 0.881, 1.055, 1.29, 1.572, 1.897, 2.076, 2.267, 2.47, 2.684, 2.91, 3.144, 3.385, 3.629, 3.872, 4.11, 4.337, 4.548, 4.738, 4.901, 5.033, 5.13, 5.19, 5.21
1220, 1, 1.007, 1, 0.904, 0.804, 0.79, 0.881, 1.059, 1.3, 1.589, 1.922, 2.106, 2.303, 2.511, 2.732, 2.965, 3.207, 3.457, 3.71, 3.964, 4.211, 4.448, 4.669, 4.867, 5.037, 5.176, 5.278, 5.34, 5.361
1240, 1, 1.007, 1, 0.901, 0.799, 0.786, 0.88, 1.063, 1.31, 1.606, 1.947, 2.136, 2.337, 2.552, 2.78, 3.02, 3.271, 3.53, 3.793, 4.057, 4.315, 4.562, 4.792, 5, 5.178, 5.323, 5.43, 5.495, 5.517
1260, 1, 1.007, 0.999, 0.898, 0.794, 0.781, 0.878, 1.066, 1.319, 1.622, 1.972, 2.165, 2.372, 2.593, 2.828, 3.076, 3.335, 3.604, 3.877, 4.151, 4.42, 4.679, 4.919, 5.136, 5.324, 5.476, 5.588, 5.656, 5.679
1280, 1, 1.007, 0.998, 0.895, 0.79, 0.777, 0.877, 1.07, 1.329, 1.639, 1.996, 2.194, 2.406, 2.633, 2.875, 3.131, 3.4, 3.678, 3.962, 4.248, 4.529, 4.798, 5.05, 5.278, 5.474, 5.633, 5.751, 5.823, 5.847
1300, 1, 1.007, 0.998, 0.892, 0.784, 0.772, 0.875, 1.073, 1.338, 1.655, 2.02, 2.223, 2.44, 2.673, 2.922, 3.186, 3.464, 3.753, 4.049, 4.346, 4.639, 4.921, 5.185, 5.424, 5.63, 5.798, 5.921, 5.997, 6.022
1320, 1, 1.007, 0.997, 0.888, 0.779, 0.767, 0.873, 1.076, 1.347, 1.67, 2.043, 2.25, 2.473, 2.712, 2.969, 3.241, 3.529, 3.829, 4.136, 4.447, 4.753, 5.048, 5.325, 5.575, 5.792, 5.968, 6.098, 6.178, 6.205
1340, 1, 1.007, 0.997, 0.885, 0.773, 0.761, 0.87, 1.078, 1.356, 1.685, 2.066, 2.277, 2.505, 2.751, 3.015, 3.296, 3.594, 3.905, 4.225, 4.549, 4.869, 5.179, 5.469, 5.732, 5.961, 6.146, 6.284, 6.368, 6.396
1360, 1, 1.008, 0.996, 0.881, 0.766, 0.755, 0.867, 1.08, 1.364, 1.7, 2.087, 2.304, 2.537, 2.788, 3.06, 3.35, 3.658, 3.981, 4.315, 4.653, 4.989, 5.314, 5.619, 5.896, 6.137, 6.333, 6.478, 6.567, 6.597
1380, 1, 1.008, 0.996, 0.877, 0.759, 0.748, 0.864, 1.082, 1.372, 1.714, 2.108, 2.329, 2.567, 2.825, 3.103, 3.403, 3.722, 4.058, 4.406, 4.76, 5.111, 5.453, 5.774, 6.067, 6.321, 6.528, 6.682, 6.776, 6.808
1400, 1, 1.008, 0.995, 0.873, 0.752, 0.74, 0.859, 1.084, 1.38, 1.728, 2.128, 2.352, 2.595, 2.859, 3.146, 3.455, 3.786, 4.135, 4.498, 4.868, 5.238, 5.597, 5.936, 6.245, 6.514, 6.734, 6.897, 6.997, 7.03
1420, 1, 1.008, 0.995, 0.868, 0.743, 0.731, 0.854, 1.085, 1.387, 1.74, 2.147, 2.374, 2.622, 2.892, 3.187, 3.506, 3.848, 4.212, 4.591, 4.979, 5.367, 5.747, 6.105, 6.433, 6.718, 6.951, 7.124, 7.231, 7.267
1440, 1, 1.008, 0.994, 0.863, 0.734, 0.721, 0.848, 1.085, 1.393, 1.752, 2.164, 2.394, 2.647, 2.923, 3.225, 3.554, 3.909, 4.288, 4.684, 5.092, 5.501, 5.902, 6.282, 6.629, 6.933, 7.181, 7.366, 7.479, 7.518
1460, 1, 1.009, 0.994, 0.858, 0.723, 0.71, 0.841, 1.085, 1.399, 1.763, 2.179, 2.412, 2.668, 2.95, 3.26, 3.599, 3.968, 4.362, 4.778, 5.207, 5.639, 6.063, 6.466, 6.836, 7.16, 7.425, 7.623, 7.744, 7.785
1480, 1, 1.009, 0.994, 0.851, 0.711, 0.697, 0.833, 1.084, 1.405, 1.773, 2.191, 2.427, 2.687, 2.973, 3.291, 3.641, 4.023, 4.435, 4.871, 5.322, 5.779, 6.23, 6.659, 7.054, 7.401, 7.685, 7.897, 8.027, 8.072
1500, 1, 1.01, 0.993, 0.844, 0.696, 0.682, 0.824, 1.083, 1.411, 1.782, 2.202, 2.439, 2.701, 2.992, 3.317, 3.677, 4.074, 4.503, 4.961, 5.438, 5.922, 6.401, 6.86, 7.283, 7.655, 7.96, 8.188, 8.329, 8.377
1520, 1, 1.01, 0.993, 0.835, 0.679, 0.664, 0.812, 1.081, 1.416, 1.79, 2.209, 2.446, 2.709, 3.004, 3.336, 3.706, 4.117, 4.566, 5.046, 5.55, 6.064, 6.575, 7.067, 7.521, 7.921, 8.251, 8.497, 8.649, 8.7
1540, 1, 1.011, 0.993, 0.825, 0.658, 0.642, 0.8, 1.079, 1.422, 1.797, 2.213, 2.449, 2.711, 3.008, 3.344, 3.724, 4.149, 4.617, 5.121, 5.653, 6.2, 6.746, 7.273, 7.761, 8.193, 8.55, 8.816, 8.981, 9.037
1560, 1, 1.012, 0.993, 0.811, 0.633, 0.617, 0.785, 1.08, 1.431, 1.806, 2.214, 2.445, 2.704, 3, 3.338, 3.725, 4.162, 4.647, 5.176, 5.737, 6.317, 6.9, 7.465, 7.99, 8.456, 8.842, 9.132, 9.311, 9.371
1580, 1, 1.013, 0.992, 0.794, 0.6, 0.586, 0.771, 1.085, 1.448, 1.819, 2.213, 2.435, 2.686, 2.975, 3.31, 3.699, 4.142, 4.641, 5.189, 5.776, 6.388, 7.006, 7.609, 8.172, 8.673, 9.09, 9.402, 9.596, 9.662
1600, 1, 1.015, 0.991, 0.769, 0.556, 0.548, 0.761, 1.104, 1.482, 1.847, 2.215, 2.42, 2.653, 2.925, 3.245, 3.623, 4.061, 4.56, 5.115, 5.717, 6.35, 6.994, 7.625, 8.219, 8.75, 9.192, 9.525, 9.732, 9.802
1605, 1, 1.015, 0.991, 0.762, 0.543, 0.538, 0.76, 1.114, 1.496, 1.858, 2.217, 2.416, 2.642, 2.906, 3.22, 3.591, 4.024, 4.52, 5.073, 5.674, 6.308, 6.955, 7.59, 8.189, 8.724, 9.171, 9.508, 9.717, 9.788
1610, 1, 1.016, 0.99, 0.753, 0.529, 0.528, 0.761, 1.126, 1.513, 1.872, 2.22, 2.412, 2.629, 2.885, 3.19, 3.553, 3.978, 4.468, 5.016, 5.615, 6.247, 6.894, 7.531, 8.132, 8.671, 9.12, 9.46, 9.671, 9.742
1615, 1, 1.016, 0.99, 0.744, 0.514, 0.518, 0.764, 1.142, 1.535, 1.89, 2.225, 2.407, 2.615, 2.86, 3.154, 3.506, 3.921, 4.402, 4.942, 5.534, 6.161, 6.805, 7.44, 8.041, 8.58, 9.031, 9.371, 9.583, 9.655
1620, 1, 1.017, 0.989, 0.733, 0.497, 0.508, 0.77, 1.163, 1.563, 1.913, 2.233, 2.404, 2.599, 2.831, 3.111, 3.449, 3.851, 4.317, 4.846, 5.426, 6.045, 6.681, 7.311, 7.907, 8.444, 8.893, 9.232, 9.443, 9.515
1625, 1, 1.018, 0.988, 0.721, 0.479, 0.499, 0.78, 1.19, 1.598, 1.941, 2.243, 2.401, 2.582, 2.797, 3.06, 3.379, 3.762, 4.211, 4.722, 5.286, 5.889, 6.512, 7.131, 7.718, 8.247, 8.691, 9.027, 9.236, 9.307
1630, 1, 1.019, 0.987, 0.707, 0.46, 0.492, 0.795, 1.226, 1.642, 1.978, 2.257, 2.4, 2.562, 2.757, 2.998, 3.294, 3.653, 4.077, 4.563, 5.104, 5.685, 6.287, 6.887, 7.459, 7.975, 8.409, 8.738, 8.943, 9.012
1635, 1, 1.02, 0.985, 0.692, 0.44, 0.486, 0.818, 1.274, 1.7, 2.026, 2.277, 2.4, 2.54, 2.71, 2.922, 3.189, 3.516, 3.907, 4.361, 4.869, 5.418, 5.991, 6.564, 7.112, 7.607, 8.025, 8.342, 8.54, 8.607
1640, 1, 1.02, 0.983, 0.673, 0.418, 0.485, 0.851, 1.337, 1.774, 2.087, 2.304, 2.403, 2.515, 2.653, 2.831, 3.06, 3.346, 3.695, 4.105, 4.569, 5.074, 5.606, 6.14, 6.653, 7.12, 7.514, 7.813, 8, 8.064
1645, 1, 1.021, 0.979, 0.653, 0.396, 0.49, 0.899, 1.421, 1.87, 2.165, 2.339, 2.408, 2.485, 2.585, 2.719, 2.901, 3.136, 3.43, 3.783, 4.188, 4.636, 5.111, 5.593, 6.059, 6.484, 6.845, 7.12, 7.292, 7.35
1650, 1, 1.022, 0.975, 0.629, 0.374, 0.504, 0.966, 1.532, 1.993, 2.265, 2.384, 2.417, 2.451, 2.502, 2.583, 2.705, 2.876, 3.102, 3.382, 3.713, 4.086, 4.488, 4.901, 5.304, 5.674, 5.99, 6.232, 6.384, 6.436
1660, 1, 1.023, 0.962, 0.573, 0.34, 0.581, 1.193, 1.869, 2.353, 2.549, 2.51, 2.44, 2.357, 2.278, 2.216, 2.181, 2.181, 2.224, 2.311, 2.443, 2.614, 2.818, 3.042, 3.271, 3.49, 3.682, 3.832, 3.927, 3.96
1665, 1, 1.023, 0.952, 0.541, 0.335, 0.658, 1.368, 2.112, 2.6, 2.735, 2.586, 2.447, 2.29, 2.13, 1.98, 1.85, 1.75, 1.686, 1.662, 1.678, 1.734, 1.823, 1.938, 2.069, 2.201, 2.322, 2.419, 2.482, 2.503
1670, 1, 1.023, 0.939, 0.509, 0.344, 0.769, 1.594, 2.407, 2.887, 2.94, 2.658, 2.441, 2.201, 1.954, 1.714, 1.491, 1.294, 1.131, 1.004, 0.918, 0.872, 0.863, 0.886, 0.932, 0.992, 1.054, 1.108, 1.144, 1.157
1675, 1, 1.021, 0.923, 0.48, 0.375, 0.92, 1.865, 2.74, 3.193, 3.14, 2.706, 2.407, 2.084, 1.756, 1.438, 1.141, 0.875, 0.646, 0.46, 0.319, 0.224, 0.172, 0.159, 0.175, 0.211, 0.256, 0.297, 0.326, 0.336
1680, 1, 1.018, 0.906, 0.461, 0.431, 1.102, 2.16, 3.075, 3.473, 3.292, 2.7, 2.324, 1.933, 1.547, 1.186, 0.863, 0.587, 0.366, 0.206, 0.107, 0.069, 0.085, 0.146, 0.239, 0.347, 0.455, 0.546, 0.606, 0.627
1685, 1, 1.015, 0.89, 0.455, 0.508, 1.298, 2.441, 3.358, 3.671, 3.349, 2.611, 2.179, 1.749, 1.349, 1.002, 0.725, 0.531, 0.429, 0.423, 0.51, 0.685, 0.933, 1.233, 1.56, 1.885, 2.178, 2.41, 2.559, 2.61
1690, 1, 1.011, 0.875, 0.462, 0.598, 1.479, 2.663, 3.538, 3.737, 3.275, 2.427, 1.969, 1.542, 1.183, 0.919, 0.775, 0.768, 0.91, 1.203, 1.642, 2.209, 2.876, 3.605, 4.35, 5.057, 5.675, 6.156, 6.461, 6.566
1695, 1, 1.007, 0.865, 0.479, 0.687, 1.626, 2.803, 3.594, 3.662, 3.072, 2.159, 1.709, 1.328, 1.059, 0.941, 1.006, 1.278, 1.773, 2.494, 3.428, 4.547, 5.803, 7.133, 8.461, 9.704, 10.778, 11.607, 12.13, 12.309
1700, 1, 1.003, 0.857, 0.5, 0.764, 1.731, 2.864, 3.543, 3.471, 2.774, 1.838, 1.424, 1.121, 0.98, 1.051, 1.374, 1.985, 2.906, 4.139, 5.668, 7.449, 9.415, 11.471, 13.506, 15.399, 17.027, 18.279, 19.069, 19.339
1705, 1, 1, 0.852, 0.52, 0.829, 1.805, 2.873, 3.422, 3.209, 2.423, 1.499, 1.141, 0.936, 0.943, 1.223, 1.828, 2.805, 4.184, 5.972, 8.147, 10.654, 13.4, 16.259, 19.08, 21.698, 23.946, 25.675, 26.764, 27.136
1707, 1, 0.999, 0.849, 0.527, 0.852, 1.829, 2.869, 3.363, 3.094, 2.276, 1.365, 1.034, 0.871, 0.941, 1.306, 2.025, 3.15, 4.715, 6.729, 9.17, 11.976, 15.045, 18.239, 21.389, 24.312, 26.822, 28.752, 29.967, 30.382
1710, 1, 0.998, 0.846, 0.536, 0.886, 1.865, 2.859, 3.27, 2.916, 2.057, 1.172, 0.884, 0.788, 0.952, 1.446, 2.336, 3.681, 5.524, 7.877, 10.717, 13.976, 17.537, 21.242, 24.897, 28.288, 31.201, 33.441, 34.852, 35.334
1712, 1, 0.997, 0.843, 0.542, 0.909, 1.89, 2.853, 3.207, 2.797, 1.913, 1.051, 0.794, 0.745, 0.973, 1.551, 2.553, 4.042, 6.067, 8.643, 11.749, 15.309, 19.201, 23.251, 27.247, 30.956, 34.143, 36.594, 38.139, 38.666
1715, 1, 0.995, 0.839, 0.55, 0.944, 1.93, 2.848, 3.114, 2.62, 1.704, 0.886, 0.681, 0.704, 1.027, 1.731, 2.895, 4.594, 6.885, 9.789, 13.285, 17.294, 21.679, 26.247, 30.758, 34.948, 38.551, 41.325, 43.073, 43.67
1716, 1, 0.994, 0.837, 0.553, 0.957, 1.945, 2.847, 3.083, 2.562, 1.637, 0.837, 0.65, 0.698, 1.053, 1.798, 3.014, 4.781, 7.157, 10.167, 13.791, 17.947, 22.495, 27.233, 31.916, 36.267, 40.009, 42.89, 44.706, 45.327
1718, 1, 0.993, 0.834, 0.559, 0.984, 1.978, 2.849, 3.024, 2.449, 1.51, 0.749, 0.602, 0.7, 1.119, 1.944, 3.263, 5.16, 7.701, 10.917, 14.788, 19.232, 24.099, 29.176, 34.197, 38.867, 42.887, 45.982, 47.935, 48.602
1720, 1, 0.992, 0.83, 0.566, 1.014, 2.015, 2.853, 2.968, 2.339, 1.391, 0.678, 0.573, 0.724, 1.207, 2.109, 3.524, 5.543, 8.24, 11.65, 15.757, 20.477, 25.652, 31.057, 36.409, 41.391, 45.683, 48.99, 51.077, 51.79
1722, 1, 0.99, 0.826, 0.573, 1.048, 2.056, 2.862, 2.914, 2.233, 1.284, 0.628, 0.569, 0.774, 1.32, 2.296, 3.801, 5.932, 8.771, 12.359, 16.685, 21.663, 27.13, 32.847, 38.515, 43.798, 48.352, 51.864, 54.08, 54.838
1725, 1, 0.988, 0.82, 0.588, 1.105, 2.126, 2.88, 2.838, 2.087, 1.151, 0.6, 0.618, 0.909, 1.548, 2.625, 4.247, 6.52, 9.538, 13.354, 17.963, 23.28, 29.135, 35.273, 41.373, 47.068, 51.984, 55.78, 58.178, 58.997
1726, 1, 0.987, 0.818, 0.594, 1.127, 2.151, 2.887, 2.814, 2.042, 1.115, 0.606, 0.651, 0.972, 1.64, 2.749, 4.403, 6.715, 9.782, 13.66, 18.348, 23.761, 29.728, 35.99, 42.217, 48.034, 53.06, 56.941, 59.393, 60.232
1727, 1, 0.986, 0.815, 0.601, 1.149, 2.177, 2.894, 2.79, 1.999, 1.085, 0.62, 0.694, 1.044, 1.742, 2.879, 4.563, 6.91, 10.018, 13.951, 18.708, 24.207, 30.275, 36.649, 42.993, 48.924, 54.051, 58.011, 60.515, 61.371
1728, 1, 0.985, 0.813, 0.608, 1.172, 2.203, 2.902, 2.767, 1.958, 1.06, 0.642, 0.746, 1.127, 1.854, 3.017, 4.727, 7.102, 10.245, 14.223, 19.039, 24.613, 30.77, 37.244, 43.693, 49.727, 54.946, 58.979, 61.529, 62.402
1729, 1, 0.983, 0.811, 0.616, 1.197, 2.231, 2.909, 2.744, 1.92, 1.041, 0.674, 0.809, 1.22, 1.974, 3.162, 4.894, 7.291, 10.461, 14.475, 19.338, 24.974, 31.206, 37.767, 44.308, 50.433, 55.734, 59.832, 62.424, 63.311
1730, 1, 0.982, 0.809, 0.625, 1.222, 2.258, 2.917, 2.722, 1.885, 1.028, 0.715, 0.882, 1.324, 2.105, 3.314, 5.064, 7.477, 10.665, 14.704, 19.603, 25.286, 31.579, 38.211, 44.829, 51.032, 56.403, 60.558, 63.187, 64.086
1731, 1, 0.981, 0.808, 0.634, 1.248, 2.285, 2.923, 2.7, 1.852, 1.021, 0.767, 0.966, 1.438, 2.245, 3.473, 5.235, 7.657, 10.855, 14.907, 19.828, 25.544, 31.882, 38.569, 45.249, 51.514, 56.943, 61.145, 63.804, 64.715
1732, 1, 0.98, 0.806, 0.645, 1.274, 2.312, 2.929, 2.679, 1.823, 1.022, 0.828, 1.061, 1.564, 2.394, 3.638, 5.408, 7.832, 11.03, 15.084, 20.012, 25.745, 32.11, 38.834, 45.558, 51.87, 57.344, 61.583, 64.265, 65.184
1733, 1, 0.979, 0.805, 0.656, 1.301, 2.338, 2.934, 2.657, 1.796, 1.029, 0.899, 1.167, 1.699, 2.552, 3.808, 5.581, 8, 11.187, 15.23, 20.152, 25.885, 32.259, 39.001, 45.75, 52.093, 57.596, 61.859, 64.559, 65.484
1734, 1, 0.977, 0.803, 0.668, 1.329, 2.364, 2.938, 2.636, 1.774, 1.043, 0.98, 1.282, 1.845, 2.718, 3.983, 5.753, 8.159, 11.326, 15.345, 20.245, 25.96, 32.324, 39.064, 45.819, 52.173, 57.69, 61.968, 64.677, 65.605
1735, 1, 0.976, 0.803, 0.681, 1.356, 2.388, 2.94, 2.615, 1.754, 1.065, 1.071, 1.408, 1.999, 2.891, 4.162, 5.924, 8.309, 11.445, 15.428, 20.288, 25.968, 32.302, 39.019, 45.761, 52.107, 57.622, 61.9, 64.611, 65.539
1737, 1, 0.974, 0.802, 0.708, 1.411, 2.432, 2.939, 2.572, 1.726, 1.129, 1.279, 1.687, 2.333, 3.256, 4.527, 6.256, 8.575, 11.618, 15.488, 20.224, 25.777, 31.99, 38.599, 45.248, 51.521, 56.981, 61.221, 63.91, 64.831
1740, 1, 0.97, 0.803, 0.754, 1.487, 2.482, 2.92, 2.509, 1.709, 1.274, 1.648, 2.158, 2.877, 3.829, 5.074, 6.714, 8.88, 11.709, 15.314, 19.748, 24.976, 30.859, 37.148, 43.503, 49.518, 54.769, 58.854, 61.448, 62.337
1742, 1, 0.968, 0.805, 0.785, 1.533, 2.502, 2.896, 2.467, 1.714, 1.397, 1.92, 2.492, 3.252, 4.212, 5.423, 6.98, 9.011, 11.656, 15.03, 19.195, 24.128, 29.701, 35.682, 41.744, 47.497, 52.528, 56.448, 58.94, 59.795
1745, 1, 0.966, 0.811, 0.833, 1.589, 2.509, 2.84, 2.403, 1.742, 1.608, 2.343, 2.998, 3.805, 4.759, 5.898, 7.304, 9.101, 11.423, 14.391, 18.078, 22.477, 27.482, 32.888, 38.395, 43.645, 48.251, 51.849, 54.139, 54.925
1746, 1, 0.965, 0.814, 0.849, 1.603, 2.505, 2.817, 2.382, 1.755, 1.683, 2.483, 3.162, 3.981, 4.929, 6.039, 7.391, 9.103, 11.31, 14.133, 17.647, 21.85, 26.646, 31.838, 37.138, 42.198, 46.642, 50.117, 52.33, 53.089
1747, 1, 0.965, 0.817, 0.864, 1.616, 2.498, 2.792, 2.361, 1.77, 1.758, 2.62, 3.322, 4.15, 5.091, 6.172, 7.468, 9.093, 11.182, 13.857, 17.194, 21.197, 25.778, 30.748, 35.833, 40.694, 44.97, 48.316, 50.448, 51.18
1750, 1, 0.963, 0.826, 0.905, 1.643, 2.463, 2.708, 2.3, 1.823, 1.982, 3.011, 3.767, 4.613, 5.523, 6.508, 7.632, 8.998, 10.733, 12.957, 15.755, 19.143, 23.058, 27.34, 31.751, 35.99, 39.734, 42.673, 44.549, 45.194
1752, 1, 0.963, 0.833, 0.93, 1.652, 2.429, 2.646, 2.261, 1.86, 2.125, 3.245, 4.028, 4.878, 5.761, 6.682, 7.693, 8.891, 10.396, 12.328, 14.773, 17.757, 21.229, 25.052, 29.009, 32.829, 36.212, 38.873, 40.574, 41.16
1755, 1, 0.963, 0.845, 0.961, 1.653, 2.366, 2.548, 2.204, 1.917, 2.32, 3.551, 4.359, 5.206, 6.045, 6.87, 7.723, 8.686, 9.871, 11.393, 13.34, 15.75, 18.59, 21.752, 25.054, 28.264, 31.122, 33.378, 34.824, 35.322
1756, 1, 0.963, 0.848, 0.97, 1.65, 2.343, 2.515, 2.187, 1.934, 2.379, 3.639, 4.453, 5.297, 6.121, 6.916, 7.719, 8.609, 9.696, 11.091, 12.884, 15.114, 17.756, 20.709, 23.805, 26.821, 29.512, 31.639, 33.003, 33.473
1757, 1, 0.963, 0.852, 0.978, 1.647, 2.319, 2.482, 2.169, 1.952, 2.435, 3.722, 4.54, 5.379, 6.188, 6.954, 7.709, 8.531, 9.523, 10.797, 12.441, 14.499, 16.951, 19.703, 22.598, 25.426, 27.955, 29.957, 31.242, 31.685
1760, 1, 0.964, 0.863, 0.999, 1.63, 2.244, 2.385, 2.119, 2, 2.584, 3.931, 4.755, 5.578, 6.342, 7.026, 7.653, 8.288, 9.026, 9.971, 11.211, 12.797, 14.722, 16.919, 19.258, 21.566, 23.643, 25.295, 26.359, 26.727
1762, 1, 0.965, 0.87, 1.01, 1.616, 2.193, 2.324, 2.089, 2.028, 2.667, 4.042, 4.865, 5.675, 6.41, 7.046, 7.598, 8.126, 8.717, 9.472, 10.478, 11.787, 13.403, 15.271, 17.28, 19.277, 21.084, 22.527, 23.458, 23.78
1765, 1, 0.966, 0.879, 1.022, 1.59, 2.118, 2.236, 2.046, 2.063, 2.77, 4.171, 4.987, 5.775, 6.471, 7.043, 7.5, 7.891, 8.296, 8.807, 9.51, 10.46, 11.672, 13.109, 14.683, 16.269, 17.718, 18.883, 19.638, 19.9
1767, 1, 0.967, 0.885, 1.028, 1.571, 2.069, 2.181, 2.02, 2.083, 2.826, 4.236, 5.045, 5.818, 6.49, 7.025, 7.428, 7.743, 8.043, 8.418, 8.949, 9.695, 10.675, 11.864, 13.187, 14.534, 15.774, 16.777, 17.429, 17.656
1770, 1, 0.968, 0.893, 1.035, 1.542, 1.999, 2.105, 1.984, 2.107, 2.892, 4.306, 5.103, 5.854, 6.493, 6.981, 7.316, 7.537, 7.707, 7.91, 8.224, 8.71, 9.394, 10.263, 11.26, 12.298, 13.268, 14.059, 14.577, 14.757
1772, 1, 0.969, 0.898, 1.038, 1.523, 1.955, 2.058, 1.961, 2.12, 2.927, 4.339, 5.127, 5.863, 6.482, 6.943, 7.242, 7.41, 7.51, 7.617, 7.811, 8.151, 8.668, 9.355, 10.166, 11.027, 11.841, 12.511, 12.951, 13.105
1775, 1, 0.971, 0.904, 1.04, 1.494, 1.894, 1.994, 1.93, 2.134, 2.967, 4.371, 5.144, 5.86, 6.452, 6.88, 7.133, 7.238, 7.25, 7.24, 7.284, 7.44, 7.745, 8.2, 8.774, 9.407, 10.021, 10.534, 10.874, 10.993
1777, 1, 0.972, 0.908, 1.041, 1.475, 1.855, 1.955, 1.911, 2.142, 2.988, 4.383, 5.146, 5.849, 6.426, 6.834, 7.062, 7.133, 7.098, 7.025, 6.986, 7.041, 7.227, 7.551, 7.991, 8.494, 8.994, 9.417, 9.7, 9.799
1780, 1, 0.973, 0.913, 1.041, 1.448, 1.802, 1.9, 1.885, 2.15, 3.01, 4.391, 5.138, 5.823, 6.38, 6.764, 6.963, 6.993, 6.901, 6.75, 6.608, 6.536, 6.572, 6.732, 7, 7.338, 7.69, 7.998, 8.207, 8.281
1782, 1, 0.974, 0.916, 1.04, 1.43, 1.768, 1.867, 1.869, 2.153, 3.02, 4.391, 5.128, 5.802, 6.346, 6.718, 6.9, 6.908, 6.786, 6.594, 6.397, 6.254, 6.207, 6.274, 6.445, 6.689, 6.958, 7.2, 7.367, 7.427
1785, 1, 0.975, 0.921, 1.039, 1.405, 1.722, 1.821, 1.846, 2.156, 3.03, 4.384, 5.107, 5.765, 6.294, 6.649, 6.812, 6.795, 6.637, 6.394, 6.129, 5.9, 5.749, 5.698, 5.746, 5.87, 6.032, 6.19, 6.303, 6.343
1787, 1, 0.975, 0.923, 1.037, 1.39, 1.694, 1.793, 1.832, 2.157, 3.034, 4.376, 5.09, 5.738, 6.258, 6.604, 6.757, 6.727, 6.551, 6.282, 5.98, 5.703, 5.494, 5.378, 5.357, 5.413, 5.514, 5.623, 5.705, 5.735
1790, 1, 0.976, 0.927, 1.035, 1.367, 1.654, 1.755, 1.812, 2.157, 3.037, 4.361, 5.061, 5.697, 6.204, 6.539, 6.68, 6.637, 6.439, 6.139, 5.793, 5.458, 5.177, 4.978, 4.869, 4.838, 4.861, 4.908, 4.95, 4.967
1792, 1, 0.977, 0.929, 1.033, 1.353, 1.629, 1.731, 1.8, 2.156, 3.037, 4.349, 5.041, 5.668, 6.169, 6.497, 6.633, 6.582, 6.375, 6.059, 5.689, 5.322, 5.002, 4.757, 4.598, 4.518, 4.497, 4.509, 4.528, 4.537
1795, 1, 0.978, 0.932, 1.031, 1.333, 1.595, 1.698, 1.782, 2.154, 3.034, 4.329, 5.01, 5.626, 6.117, 6.438, 6.568, 6.51, 6.291, 5.957, 5.56, 5.155, 4.785, 4.483, 4.261, 4.118, 4.04, 4.007, 3.997, 3.995
1797, 1, 0.979, 0.934, 1.029, 1.32, 1.573, 1.678, 1.771, 2.152, 3.032, 4.315, 4.988, 5.598, 6.083, 6.4, 6.527, 6.466, 6.243, 5.9, 5.49, 5.064, 4.667, 4.332, 4.076, 3.897, 3.787, 3.728, 3.701, 3.693
1800, 1, 0.979, 0.936, 1.026, 1.302, 1.543, 1.649, 1.756, 2.149, 3.026, 4.293, 4.956, 5.556, 6.034, 6.347, 6.471, 6.409, 6.181, 5.829, 5.402, 4.952, 4.523, 4.149, 3.847, 3.624, 3.472, 3.379, 3.331, 3.316
1805, 1, 0.981, 0.94, 1.021, 1.275, 1.499, 1.607, 1.733, 2.142, 3.015, 4.256, 4.903, 5.489, 5.958, 6.266, 6.39, 6.327, 6.099, 5.741, 5.299, 4.822, 4.354, 3.93, 3.573, 3.292, 3.087, 2.95, 2.874, 2.849
1810, 1, 0.982, 0.943, 1.016, 1.25, 1.46, 1.57, 1.712, 2.134, 3.002, 4.219, 4.853, 5.427, 5.888, 6.194, 6.32, 6.263, 6.04, 5.683, 5.235, 4.744, 4.253, 3.796, 3.401, 3.078, 2.835, 2.666, 2.569, 2.537
1815, 1, 0.983, 0.945, 1.012, 1.228, 1.425, 1.538, 1.694, 2.126, 2.988, 4.184, 4.806, 5.37, 5.826, 6.131, 6.261, 6.211, 5.997, 5.646, 5.201, 4.704, 4.2, 3.723, 3.301, 2.951, 2.679, 2.488, 2.375, 2.338
1820, 1, 0.983, 0.948, 1.007, 1.208, 1.394, 1.509, 1.677, 2.118, 2.974, 4.151, 4.761, 5.318, 5.769, 6.075, 6.211, 6.171, 5.967, 5.626, 5.188, 4.692, 4.183, 3.695, 3.256, 2.886, 2.595, 2.387, 2.263, 2.222
1840, 1, 0.986, 0.954, 0.991, 1.145, 1.299, 1.422, 1.625, 2.088, 2.922, 4.038, 4.618, 5.152, 5.596, 5.912, 6.077, 6.081, 5.931, 5.646, 5.257, 4.8, 4.311, 3.826, 3.375, 2.981, 2.66, 2.425, 2.282, 2.234
1860, 1, 0.988, 0.958, 0.979, 1.101, 1.234, 1.363, 1.588, 2.064, 2.882, 3.959, 4.52, 5.043, 5.487, 5.818, 6.013, 6.061, 5.965, 5.74, 5.411, 5.009, 4.567, 4.118, 3.691, 3.311, 2.998, 2.765, 2.622, 2.574
1880, 1, 0.989, 0.96, 0.968, 1.067, 1.187, 1.32, 1.561, 2.047, 2.853, 3.905, 4.455, 4.972, 5.42, 5.767, 5.989, 6.077, 6.029, 5.859, 5.587, 5.24, 4.848, 4.442, 4.049, 3.696, 3.401, 3.18, 3.043, 2.997
1900, 1, 0.99, 0.962, 0.96, 1.042, 1.151, 1.288, 1.541, 2.034, 2.834, 3.87, 4.414, 4.929, 5.383, 5.744, 5.992, 6.114, 6.109, 5.986, 5.764, 5.467, 5.122, 4.757, 4.4, 4.075, 3.801, 3.595, 3.467, 3.423
1920, 1, 0.991, 0.963, 0.953, 1.021, 1.123, 1.264, 1.526, 2.026, 2.823, 3.849, 4.389, 4.906, 5.366, 5.742, 6.012, 6.163, 6.195, 6.114, 5.936, 5.682, 5.379, 5.053, 4.729, 4.431, 4.179, 3.987, 3.868, 3.827
1940, 1, 0.992, 0.964, 0.947, 1.005, 1.101, 1.244, 1.515, 2.021, 2.817, 3.838, 4.378, 4.897, 5.364, 5.754, 6.043, 6.221, 6.285, 6.239, 6.099, 5.885, 5.619, 5.327, 5.033, 4.761, 4.528, 4.35, 4.239, 4.202
1960, 1, 0.992, 0.964, 0.942, 0.991, 1.082, 1.228, 1.506, 2.019, 2.816, 3.836, 4.376, 4.899, 5.374, 5.776, 6.084, 6.285, 6.377, 6.363, 6.256, 6.076, 5.843, 5.581, 5.314, 5.064, 4.849, 4.685, 4.581, 4.546
1980, 1, 0.992, 0.964, 0.938, 0.979, 1.067, 1.215, 1.5, 2.018, 2.818, 3.839, 4.382, 4.909, 5.392, 5.806, 6.131, 6.353, 6.469, 6.483, 6.406, 6.256, 6.052, 5.817, 5.575, 5.345, 5.146, 4.993, 4.897, 4.864
2000, 1, 0.993, 0.965, 0.934, 0.97, 1.053, 1.204, 1.495, 2.019, 2.824, 3.848, 4.393, 4.925, 5.417, 5.843, 6.182, 6.424, 6.562, 6.601, 6.551, 6.427, 6.249, 6.038, 5.817, 5.606, 5.421, 5.279, 5.189, 5.159
2020, 1, 0.993, 0.965, 0.931, 0.961, 1.042, 1.195, 1.491, 2.022, 2.831, 3.86, 4.409, 4.947, 5.447, 5.884, 6.238, 6.497, 6.656, 6.717, 6.69, 6.59, 6.435, 6.246, 6.044, 5.849, 5.678, 5.545, 5.461, 5.432
2040, 1, 0.993, 0.965, 0.928, 0.953, 1.032, 1.187, 1.488, 2.026, 2.841, 3.876, 4.43, 4.974, 5.481, 5.929, 6.297, 6.572, 6.749, 6.831, 6.825, 6.746, 6.612, 6.443, 6.258, 6.078, 5.918, 5.794, 5.715, 5.689
2060, 1, 0.993, 0.965, 0.925, 0.947, 1.024, 1.18, 1.486, 2.03, 2.852, 3.894, 4.453, 5.003, 5.519, 5.978, 6.358, 6.649, 6.843, 6.943, 6.957, 6.897, 6.782, 6.63, 6.461, 6.294, 6.145, 6.029, 5.955, 5.929
2080, 1, 0.993, 0.965, 0.923, 0.941, 1.016, 1.174, 1.485, 2.036, 2.864, 3.915, 4.479, 5.036, 5.56, 6.029, 6.421, 6.726, 6.936, 7.053, 7.085, 7.043, 6.945, 6.809, 6.654, 6.499, 6.36, 6.25, 6.181, 6.157
2100, 1, 0.993, 0.965, 0.921, 0.936, 1.01, 1.169, 1.485, 2.042, 2.877, 3.937, 4.507, 5.071, 5.604, 6.082, 6.487, 6.805, 7.03, 7.162, 7.21, 7.185, 7.102, 6.98, 6.839, 6.695, 6.564, 6.461, 6.396, 6.373
2120, 1, 0.993, 0.965, 0.919, 0.931, 1.004, 1.164, 1.485, 2.048, 2.892, 3.962, 4.537, 5.108, 5.649, 6.137, 6.553, 6.884, 7.123, 7.271, 7.333, 7.323, 7.254, 7.146, 7.016, 6.882, 6.76, 6.663, 6.6, 6.579
2140, 1, 0.994, 0.965, 0.917, 0.927, 0.998, 1.16, 1.485, 2.055, 2.907, 3.987, 4.569, 5.147, 5.696, 6.194, 6.621, 6.964, 7.216, 7.378, 7.454, 7.457, 7.402, 7.306, 7.187, 7.062, 6.947, 6.856, 6.796, 6.776
2160, 1, 0.994, 0.965, 0.916, 0.923, 0.993, 1.157, 1.486, 2.062, 2.923, 4.013, 4.602, 5.187, 5.745, 6.253, 6.69, 7.045, 7.309, 7.484, 7.573, 7.589, 7.547, 7.462, 7.353, 7.236, 7.128, 7.041, 6.985, 6.966
2180, 1, 0.994, 0.964, 0.914, 0.919, 0.989, 1.154, 1.487, 2.07, 2.939, 4.041, 4.636, 5.229, 5.795, 6.312, 6.76, 7.126, 7.402, 7.589, 7.691, 7.719, 7.688, 7.613, 7.513, 7.405, 7.303, 7.22, 7.167, 7.148
2200, 1, 0.994, 0.964, 0.913, 0.916, 0.985, 1.151, 1.488, 2.078, 2.956, 4.069, 4.671, 5.272, 5.846, 6.372, 6.831, 7.207, 7.495, 7.693, 7.807, 7.846, 7.826, 7.761, 7.669, 7.568, 7.472, 7.393, 7.342, 7.325
2220, 1, 0.993, 0.964, 0.912, 0.913, 0.981, 1.148, 1.49, 2.086, 2.974, 4.099, 4.707, 5.315, 5.899, 6.434, 6.902, 7.289, 7.588, 7.797, 7.922, 7.972, 7.961, 7.905, 7.822, 7.727, 7.636, 7.561, 7.513, 7.496
2240, 1, 0.993, 0.964, 0.911, 0.911, 0.977, 1.146, 1.491, 2.094, 2.992, 4.128, 4.744, 5.36, 5.952, 6.496, 6.974, 7.372, 7.681, 7.901, 8.036, 8.096, 8.094, 8.047, 7.971, 7.882, 7.796, 7.725, 7.678, 7.662
2260, 1, 0.993, 0.964, 0.909, 0.908, 0.974, 1.144, 1.493, 2.103, 3.01, 4.159, 4.782, 5.405, 6.006, 6.559, 7.047, 7.454, 7.774, 8.004, 8.149, 8.218, 8.225, 8.186, 8.116, 8.034, 7.952, 7.884, 7.84, 7.824
2280, 1, 0.993, 0.964, 0.908, 0.906, 0.971, 1.142, 1.495, 2.112, 3.028, 4.19, 4.82, 5.452, 6.06, 6.623, 7.12, 7.537, 7.866, 8.106, 8.26, 8.339, 8.354, 8.322, 8.259, 8.182, 8.104, 8.04, 7.997, 7.982
2300, 1, 0.993, 0.963, 0.908, 0.904, 0.968, 1.14, 1.497, 2.12, 3.047, 4.221, 4.859, 5.498, 6.115, 6.687, 7.193, 7.62, 7.959, 8.208, 8.371, 8.458, 8.482, 8.457, 8.4, 8.327, 8.254, 8.192, 8.151, 8.136
2320, 1, 0.993, 0.963, 0.907, 0.902, 0.966, 1.139, 1.499, 2.129, 3.066, 4.253, 4.898, 5.545, 6.171, 6.751, 7.267, 7.703, 8.051, 8.309, 8.482, 8.577, 8.608, 8.589, 8.538, 8.47, 8.4, 8.341, 8.301, 8.288
2340, 1, 0.993, 0.963, 0.906, 0.9, 0.963, 1.137, 1.501, 2.138, 3.085, 4.285, 4.937, 5.593, 6.227, 6.816, 7.341, 7.786, 8.143, 8.411, 8.591, 8.694, 8.732, 8.72, 8.674, 8.611, 8.544, 8.487, 8.449, 8.436
2360, 1, 0.993, 0.963, 0.905, 0.898, 0.961, 1.135, 1.503, 2.147, 3.104, 4.317, 4.977, 5.641, 6.284, 6.882, 7.415, 7.87, 8.236, 8.512, 8.7, 8.811, 8.856, 8.849, 8.809, 8.749, 8.686, 8.631, 8.594, 8.581
2380, 1, 0.993, 0.963, 0.905, 0.897, 0.959, 1.134, 1.505, 2.156, 3.123, 4.35, 5.017, 5.689, 6.34, 6.947, 7.49, 7.953, 8.328, 8.612, 8.809, 8.927, 8.978, 8.977, 8.941, 8.886, 8.825, 8.773, 8.737, 8.725
2400, 1, 0.993, 0.963, 0.904, 0.895, 0.956, 1.133, 1.507, 2.165, 3.143, 4.383, 5.058, 5.738, 6.397, 7.013, 7.565, 8.037, 8.42, 8.713, 8.917, 9.042, 9.099, 9.104, 9.072, 9.02, 8.963, 8.912, 8.878, 8.865
2420, 1, 0.993, 0.962, 0.903, 0.894, 0.954, 1.132, 1.509, 2.174, 3.162, 4.416, 5.098, 5.787, 6.455, 7.079, 7.639, 8.12, 8.512, 8.813, 9.024, 9.156, 9.219, 9.229, 9.202, 9.153, 9.098, 9.049, 9.016, 9.004
2440, 1, 0.993, 0.962, 0.903, 0.893, 0.952, 1.13, 1.512, 2.183, 3.182, 4.449, 5.139, 5.836, 6.513, 7.146, 7.715, 8.204, 8.604, 8.912, 9.132, 9.27, 9.338, 9.353, 9.33, 9.285, 9.232, 9.185, 9.153, 9.141
2460, 1, 0.993, 0.962, 0.902, 0.891, 0.951, 1.129, 1.514, 2.192, 3.201, 4.482, 5.181, 5.885, 6.57, 7.212, 7.79, 8.288, 8.696, 9.012, 9.238, 9.383, 9.457, 9.477, 9.457, 9.415, 9.365, 9.319, 9.288, 9.276
2480, 1, 0.993, 0.962, 0.902, 0.89, 0.949, 1.128, 1.516, 2.202, 3.221, 4.516, 5.222, 5.934, 6.628, 7.279, 7.865, 8.371, 8.788, 9.112, 9.345, 9.495, 9.575, 9.599, 9.583, 9.544, 9.496, 9.451, 9.421, 9.41
2500, 1, 0.993, 0.962, 0.902, 0.889, 0.947, 1.127, 1.518, 2.211, 3.241, 4.549, 5.263, 5.984, 6.686, 7.346, 7.941, 8.455, 8.88, 9.211, 9.451, 9.607, 9.692, 9.72, 9.708, 9.671, 9.625, 9.582, 9.553, 9.542
2520, 1, 0.993, 0.962, 0.901, 0.888, 0.945, 1.126, 1.52, 2.22, 3.26, 4.583, 5.304, 6.034, 6.745, 7.412, 8.016, 8.539, 8.972, 9.31, 9.556, 9.719, 9.809, 9.841, 9.832, 9.798, 9.754, 9.713, 9.684, 9.673
2540, 1, 0.992, 0.962, 0.901, 0.887, 0.943, 1.125, 1.523, 2.229, 3.28, 4.616, 5.346, 6.083, 6.803, 7.479, 8.091, 8.623, 9.063, 9.409, 9.662, 9.83, 9.925, 9.961, 9.955, 9.924, 9.881, 9.841, 9.813, 9.803
2560, 1, 0.992, 0.962, 0.901, 0.886, 0.942, 1.124, 1.525, 2.238, 3.3, 4.65, 5.387, 6.133, 6.861, 7.546, 8.167, 8.706, 9.155, 9.507, 9.767, 9.94, 10.04, 10.081, 10.078, 10.049, 10.008, 9.969, 9.941, 9.931
2580, 1, 0.992, 0.961, 0.9, 0.885, 0.94, 1.123, 1.527, 2.247, 3.319, 4.683, 5.428, 6.183, 6.919, 7.613, 8.242, 8.79, 9.246, 9.606, 9.872, 10.051, 10.155, 10.199, 10.2, 10.173, 10.133, 10.095, 10.068, 10.059
2600, 1, 0.992, 0.961, 0.9, 0.884, 0.939, 1.122, 1.529, 2.256, 3.339, 4.717, 5.47, 6.232, 6.978, 7.68, 8.318, 8.874, 9.337, 9.704, 9.976, 10.161, 10.27, 10.318, 10.321, 10.296, 10.258, 10.221, 10.195, 10.185
2620, 1, 0.992, 0.961, 0.9, 0.883, 0.937, 1.121, 1.531, 2.265, 3.358, 4.75, 5.511, 6.282, 7.036, 7.747, 8.393, 8.957, 9.429, 9.803, 10.081, 10.271, 10.384, 10.436, 10.441, 10.418, 10.382, 10.346, 10.32, 10.311
2640, 1, 0.992, 0.961, 0.9, 0.882, 0.935, 1.119, 1.533, 2.274, 3.378, 4.784, 5.553, 6.332, 7.094, 7.814, 8.468, 9.041, 9.52, 9.901, 10.185, 10.38, 10.498, 10.553, 10.562, 10.541, 10.506, 10.47, 10.445, 10.435
2660, 1, 0.992, 0.961, 0.9, 0.882, 0.934, 1.118, 1.535, 2.283, 3.397, 4.817, 5.594, 6.381, 7.152, 7.88, 8.544, 9.124, 9.611, 9.999, 10.29, 10.49, 10.612, 10.67, 10.681, 10.662, 10.628, 10.594, 10.569, 10.56
2680, 1, 0.992, 0.961, 0.899, 0.881, 0.932, 1.117, 1.538, 2.291, 3.417, 4.85, 5.635, 6.431, 7.21, 7.947, 8.619, 9.208, 9.702, 10.097, 10.393, 10.599, 10.725, 10.787, 10.8, 10.783, 10.751, 10.717, 10.692, 10.683
2700, 1, 0.992, 0.961, 0.899, 0.88, 0.931, 1.116, 1.539, 2.3, 3.436, 4.883, 5.676, 6.48, 7.268, 8.014, 8.694, 9.291, 9.793, 10.195, 10.498, 10.708, 10.839, 10.903, 10.919, 10.904, 10.873, 10.839, 10.815, 10.806
2720, 1, 0.992, 0.961, 0.899, 0.879, 0.929, 1.115, 1.541, 2.309, 3.455, 4.916, 5.717, 6.529, 7.326, 8.08, 8.769, 9.374, 9.884, 10.293, 10.601, 10.817, 10.952, 11.02, 11.038, 11.024, 10.994, 10.961, 10.937, 10.928
2740, 1, 0.992, 0.961, 0.899, 0.878, 0.928, 1.114, 1.543, 2.317, 3.474, 4.949, 5.757, 6.578, 7.383, 8.146, 8.844, 9.457, 9.975, 10.39, 10.705, 10.926, 11.065, 11.136, 11.157, 11.144, 11.115, 11.083, 11.059, 11.051
2760, 1, 0.992, 0.961, 0.899, 0.878, 0.926, 1.113, 1.545, 2.326, 3.493, 4.982, 5.798, 6.627, 7.441, 8.213, 8.919, 9.54, 10.065, 10.488, 10.809, 11.035, 11.178, 11.252, 11.275, 11.264, 11.236, 11.204, 11.181, 11.172
2780, 1, 0.992, 0.961, 0.899, 0.877, 0.925, 1.111, 1.547, 2.334, 3.512, 5.014, 5.838, 6.676, 7.498, 8.279, 8.993, 9.623, 10.156, 10.586, 10.913, 11.144, 11.291, 11.368, 11.393, 11.384, 11.356, 11.325, 11.302, 11.294
2800, 1, 0.991, 0.961, 0.899, 0.876, 0.923, 1.11, 1.549, 2.343, 3.531, 5.046, 5.878, 6.724, 7.555, 8.345, 9.068, 9.706, 10.247, 10.683, 11.017, 11.253, 11.403, 11.484, 11.511, 11.503, 11.477, 11.446, 11.423, 11.415
2820, 1, 0.991, 0.961, 0.899, 0.876, 0.922, 1.109, 1.551, 2.351, 3.549, 5.079, 5.918, 6.772, 7.612, 8.41, 9.142, 9.789, 10.337, 10.781, 11.12, 11.362, 11.516, 11.6, 11.629, 11.623, 11.597, 11.567, 11.544, 11.536
2840, 1, 0.991, 0.96, 0.899, 0.875, 0.92, 1.108, 1.552, 2.359, 3.568, 5.111, 5.958, 6.82, 7.669, 8.476, 9.216, 9.872, 10.428, 10.879, 11.224, 11.471, 11.63, 11.716, 11.748, 11.742, 11.717, 11.688, 11.665, 11.657
2860, 1, 0.991, 0.96, 0.899, 0.874, 0.918, 1.107, 1.554, 2.367, 3.586, 5.142, 5.997, 6.868, 7.725, 8.541, 9.29, 9.954, 10.518, 10.976, 11.328, 11.58, 11.743, 11.832, 11.866, 11.862, 11.838, 11.809, 11.786, 11.778
2880, 1, 0.991, 0.96, 0.899, 0.874, 0.917, 1.105, 1.555, 2.375, 3.604, 5.173, 6.036, 6.915, 7.781, 8.606, 9.364, 10.037, 10.609, 11.074, 11.432, 11.689, 11.856, 11.948, 11.984, 11.982, 11.958, 11.93, 11.907, 11.899
2900, 1, 0.991, 0.96, 0.898, 0.873, 0.915, 1.104, 1.557, 2.383, 3.622, 5.205, 6.075, 6.962, 7.837, 8.671, 9.438, 10.119, 10.699, 11.172, 11.536, 11.798, 11.969, 12.065, 12.103, 12.102, 12.079, 12.05, 12.028, 12.02
2920, 1, 0.991, 0.96, 0.898, 0.872, 0.914, 1.103, 1.559, 2.391, 3.639, 5.236, 6.114, 7.009, 7.893, 8.735, 9.512, 10.201, 10.79, 11.27, 11.64, 11.908, 12.083, 12.182, 12.222, 12.222, 12.2, 12.171, 12.149, 12.141
2940, 1, 0.991, 0.96, 0.898, 0.872, 0.912, 1.101, 1.56, 2.399, 3.657, 5.266, 6.152, 7.056, 7.948, 8.799, 9.585, 10.283, 10.88, 11.368, 11.745, 12.018, 12.197, 12.299, 12.341, 12.342, 12.321, 12.293, 12.271, 12.262
2960, 1, 0.991, 0.96, 0.898, 0.871, 0.91, 1.1, 1.562, 2.407, 3.674, 5.296, 6.19, 7.102, 8.003, 8.863, 9.658, 10.366, 10.971, 11.466, 11.85, 12.128, 12.312, 12.416, 12.46, 12.463, 12.442, 12.414, 12.392, 12.384
2980, 1, 0.991, 0.96, 0.898, 0.87, 0.909, 1.098, 1.563, 2.414, 3.691, 5.326, 6.227, 7.148, 8.057, 8.927, 9.731, 10.447, 11.061, 11.564, 11.954, 12.238, 12.426, 12.534, 12.58, 12.584, 12.564, 12.536, 12.514, 12.506
3000, 1, 0.991, 0.96, 0.898, 0.869, 0.907, 1.097, 1.564, 2.422, 3.708, 5.356, 6.264, 7.193, 8.111, 8.991, 9.804, 10.529, 11.152, 11.662, 12.06, 12.349, 12.542, 12.652, 12.701, 12.706, 12.686, 12.659, 12.637, 12.629
3020, 1, 0.991, 0.96, 0.898, 0.869, 0.905, 1.095, 1.566, 2.429, 3.725, 5.385, 6.301, 7.238, 8.165, 9.054, 9.876, 10.611, 11.242, 11.761, 12.165, 12.46, 12.657, 12.771, 12.822, 12.828, 12.809, 12.782, 12.76, 12.752
3040, 1, 0.991, 0.96, 0.898, 0.868, 0.904, 1.094, 1.567, 2.436, 3.741, 5.414, 6.338, 7.282, 8.219, 9.117, 9.949, 10.693, 11.333, 11.86, 12.271, 12.572, 12.773, 12.891, 12.943, 12.951, 12.932, 12.905, 12.884, 12.875
3060, 1, 0.991, 0.96, 0.898, 0.867, 0.902, 1.093, 1.568, 2.443, 3.757, 5.442, 6.373, 7.327, 8.272, 9.179, 10.021, 10.775, 11.424, 11.959, 12.377, 12.684, 12.89, 13.011, 13.066, 13.074, 13.056, 13.03, 13.008, 13
3080, 1, 0.991, 0.96, 0.898, 0.866, 0.9, 1.091, 1.569, 2.45, 3.773, 5.471, 6.409, 7.37, 8.325, 9.241, 10.093, 10.856, 11.515, 12.058, 12.484, 12.797, 13.008, 13.132, 13.189, 13.198, 13.181, 13.155, 13.133, 13.125
3100, 1, 0.991, 0.96, 0.898, 0.866, 0.899, 1.089, 1.571, 2.457, 3.789, 5.498, 6.444, 7.414, 8.377, 9.303, 10.165, 10.938, 11.606, 12.158, 12.591, 12.91, 13.126, 13.253, 13.312, 13.323, 13.307, 13.28, 13.258, 13.25
3120, 1, 0.991, 0.96, 0.898, 0.865, 0.897, 1.088, 1.572, 2.464, 3.804, 5.525, 6.478, 7.457, 8.429, 9.365, 10.236, 11.019, 11.697, 12.258, 12.699, 13.024, 13.245, 13.376, 13.437, 13.449, 13.433, 13.407, 13.385, 13.377
3140, 1, 0.991, 0.96, 0.898, 0.864, 0.895, 1.086, 1.573, 2.47, 3.819, 5.552, 6.513, 7.499, 8.48, 9.426, 10.307, 11.101, 11.788, 12.358, 12.807, 13.139, 13.364, 13.499, 13.563, 13.576, 13.561, 13.535, 13.513, 13.505
3160, 1, 0.99, 0.96, 0.898, 0.863, 0.893, 1.085, 1.574, 2.477, 3.834, 5.578, 6.546, 7.541, 8.531, 9.487, 10.379, 11.182, 11.88, 12.459, 12.916, 13.254, 13.485, 13.623, 13.689, 13.704, 13.689, 13.663, 13.642, 13.633
3180, 1, 0.99, 0.96, 0.898, 0.862, 0.891, 1.083, 1.575, 2.483, 3.848, 5.604, 6.579, 7.582, 8.582, 9.547, 10.45, 11.264, 11.971, 12.56, 13.025, 13.37, 13.606, 13.749, 13.817, 13.833, 13.819, 13.793, 13.771, 13.763
3200, 1, 0.99, 0.96, 0.898, 0.862, 0.889, 1.082, 1.576, 2.489, 3.862, 5.63, 6.612, 7.623, 8.632, 9.607, 10.521, 11.346, 12.063, 12.661, 13.135, 13.488, 13.729, 13.875, 13.946, 13.964, 13.95, 13.924, 13.902, 13.894
3220, 1, 0.99, 0.96, 0.898, 0.861, 0.888, 1.08, 1.577, 2.495, 3.876, 5.654, 6.643, 7.663, 8.681, 9.667, 10.591, 11.427, 12.156, 12.763, 13.246, 13.605, 13.852, 14.003, 14.076, 14.095, 14.082, 14.057, 14.035, 14.026
3240, 1, 0.99, 0.96, 0.898, 0.86, 0.886, 1.078, 1.578, 2.501, 3.889, 5.678, 6.675, 7.702, 8.73, 9.726, 10.662, 11.509, 12.248, 12.866, 13.357, 13.725, 13.977, 14.132, 14.208, 14.228, 14.216, 14.191, 14.168, 14.16
3260, 1, 0.99, 0.96, 0.898, 0.859, 0.884, 1.077, 1.579, 2.507, 3.902, 5.702, 6.705, 7.741, 8.779, 9.786, 10.732, 11.59, 12.341, 12.969, 13.47, 13.845, 14.103, 14.262, 14.341, 14.363, 14.351, 14.326, 14.304, 14.295
3280, 1, 0.99, 0.96, 0.898, 0.858, 0.882, 1.075, 1.579, 2.512, 3.915, 5.725, 6.736, 7.78, 8.827, 9.844, 10.802, 11.672, 12.434, 13.073, 13.583, 13.966, 14.231, 14.394, 14.475, 14.499, 14.488, 14.463, 14.441, 14.432
3300, 1, 0.99, 0.961, 0.898, 0.857, 0.88, 1.073, 1.58, 2.518, 3.927, 5.748, 6.765, 7.817, 8.874, 9.902, 10.872, 11.754, 12.528, 13.178, 13.697, 14.088, 14.359, 14.527, 14.611, 14.637, 14.626, 14.601, 14.579, 14.57
3320, 1, 0.99, 0.961, 0.898, 0.856, 0.878, 1.072, 1.581, 2.523, 3.939, 5.77, 6.794, 7.854, 8.921, 9.96, 10.941, 11.836, 12.622, 13.283, 13.813, 14.212, 14.489, 14.662, 14.749, 14.776, 14.767, 14.742, 14.719, 14.711
3340, 1, 0.99, 0.961, 0.897, 0.855, 0.876, 1.07, 1.582, 2.528, 3.95, 5.791, 6.822, 7.891, 8.967, 10.018, 11.011, 11.918, 12.716, 13.389, 13.929, 14.337, 14.621, 14.798, 14.889, 14.918, 14.909, 14.884, 14.862, 14.853
3360, 1, 0.99, 0.961, 0.897, 0.854, 0.874, 1.069, 1.583, 2.533, 3.961, 5.811, 6.849, 7.927, 9.013, 10.075, 11.08, 12.001, 12.811, 13.496, 14.047, 14.463, 14.755, 14.937, 15.031, 15.061, 15.053, 15.029, 15.006, 14.997
3380, 1, 0.99, 0.961, 0.897, 0.853, 0.872, 1.067, 1.583, 2.538, 3.972, 5.831, 6.876, 7.962, 9.058, 10.132, 11.15, 12.083, 12.907, 13.604, 14.165, 14.591, 14.89, 15.077, 15.175, 15.207, 15.2, 15.175, 15.153, 15.144
3400, 1, 0.99, 0.961, 0.897, 0.851, 0.87, 1.065, 1.584, 2.542, 3.982, 5.851, 6.902, 7.996, 9.103, 10.188, 11.219, 12.166, 13.003, 13.713, 14.286, 14.721, 15.027, 15.219, 15.32, 15.355, 15.348, 15.324, 15.302, 15.293
3420, 1, 0.99, 0.961, 0.897, 0.85, 0.868, 1.064, 1.585, 2.546, 3.991, 5.869, 6.927, 8.03, 9.147, 10.244, 11.288, 12.249, 13.1, 13.822, 14.407, 14.852, 15.166, 15.364, 15.469, 15.505, 15.499, 15.476, 15.453, 15.444
3440, 1, 0.99, 0.961, 0.897, 0.849, 0.866, 1.062, 1.585, 2.55, 4, 5.887, 6.951, 8.063, 9.19, 10.299, 11.357, 12.332, 13.197, 13.933, 14.53, 14.985, 15.307, 15.511, 15.619, 15.658, 15.653, 15.63, 15.607, 15.598
3460, 1, 0.99, 0.961, 0.896, 0.848, 0.864, 1.06, 1.586, 2.554, 4.009, 5.904, 6.975, 8.095, 9.233, 10.355, 11.426, 12.415, 13.295, 14.045, 14.654, 15.12, 15.45, 15.66, 15.773, 15.813, 15.809, 15.786, 15.764, 15.754
3480, 1, 0.99, 0.961, 0.896, 0.847, 0.862, 1.059, 1.586, 2.558, 4.017, 5.92, 6.998, 8.126, 9.275, 10.409, 11.495, 12.499, 13.394, 14.159, 14.78, 15.257, 15.596, 15.812, 15.928, 15.972, 15.969, 15.946, 15.923, 15.914
3500, 1, 0.99, 0.961, 0.896, 0.845, 0.859, 1.058, 1.587, 2.561, 4.025, 5.935, 7.02, 8.157, 9.316, 10.464, 11.564, 12.584, 13.494, 14.273, 14.908, 15.396, 15.744, 15.966, 16.087, 16.133, 16.131, 16.108, 16.086, 16.076
3600, 1, 0.99, 0.961, 0.894, 0.838, 0.849, 1.05, 1.59, 2.575, 4.053, 5.999, 7.116, 8.297, 9.514, 10.73, 11.908, 13.012, 14.007, 14.867, 15.576, 16.127, 16.524, 16.784, 16.929, 16.988, 16.993, 16.973, 16.95, 16.94
3700, 1, 0.99, 0.961, 0.891, 0.83, 0.838, 1.044, 1.592, 2.582, 4.066, 6.039, 7.187, 8.415, 9.693, 10.987, 12.255, 13.455, 14.55, 15.506, 16.303, 16.929, 17.386, 17.691, 17.866, 17.944, 17.957, 17.94, 17.918, 17.909
3800, 1, 0.99, 0.96, 0.888, 0.821, 0.828, 1.04, 1.594, 2.582, 4.059, 6.052, 7.23, 8.507, 9.854, 11.236, 12.607, 13.921, 15.133, 16.203, 17.105, 17.821, 18.352, 18.712, 18.925, 19.026, 19.052, 19.04, 19.019, 19.01
3900, 1, 0.99, 0.96, 0.884, 0.811, 0.818, 1.038, 1.596, 2.572, 4.031, 6.033, 7.241, 8.571, 9.996, 11.478, 12.969, 14.416, 15.766, 16.973, 18.001, 18.827, 19.448, 19.877, 20.138, 20.269, 20.312, 20.308, 20.291, 20.282
4000, 1, 0.99, 0.959, 0.878, 0.8, 0.809, 1.039, 1.599, 2.553, 3.977, 5.979, 7.217, 8.605, 10.117, 11.715, 13.346, 14.95, 16.466, 17.836, 19.016, 19.976, 20.708, 21.222, 21.545, 21.717, 21.784, 21.792, 21.78, 21.773
4160, 1, 0.989, 0.956, 0.866, 0.78, 0.798, 1.049, 1.605, 2.497, 3.829, 5.806, 7.094, 8.588, 10.267, 12.091, 13.999, 15.917, 17.766, 19.468, 20.962, 22.203, 23.171, 23.872, 24.334, 24.601, 24.728, 24.77, 24.774, 24.772
4180, 1, 0.989, 0.956, 0.864, 0.777, 0.797, 1.051, 1.606, 2.487, 3.805, 5.776, 7.07, 8.579, 10.282, 12.138, 14.086, 16.05, 17.947, 19.699, 21.239, 22.523, 23.527, 24.257, 24.74, 25.023, 25.16, 25.209, 25.216, 25.215
4200, 1, 0.989, 0.956, 0.862, 0.775, 0.796, 1.054, 1.607, 2.477, 3.779, 5.744, 7.045, 8.568, 10.295, 12.185, 14.175, 16.186, 18.133, 19.936, 21.525, 22.853, 23.895, 24.655, 25.162, 25.461, 25.609, 25.664, 25.675, 25.675
4220, 1, 0.989, 0.955, 0.86, 0.772, 0.796, 1.057, 1.608, 2.467, 3.751, 5.71, 7.017, 8.556, 10.308, 12.233, 14.265, 16.325, 18.325, 20.181, 21.82, 23.193, 24.275, 25.067, 25.599, 25.916, 26.076, 26.138, 26.153, 26.154
4240, 1, 0.989, 0.955, 0.858, 0.769, 0.795, 1.06, 1.609, 2.455, 3.722, 5.674, 6.988, 8.542, 10.32, 12.28, 14.357, 16.467, 18.521, 20.432, 22.125, 23.546, 24.669, 25.495, 26.053, 26.388, 26.561, 26.631, 26.651, 26.653
4260, 1, 0.989, 0.954, 0.856, 0.766, 0.795, 1.063, 1.61, 2.443, 3.691, 5.636, 6.956, 8.526, 10.331, 12.328, 14.45, 16.613, 18.724, 20.692, 22.439, 23.91, 25.077, 25.939, 26.524, 26.88, 27.067, 27.145, 27.169, 27.173
4280, 1, 0.989, 0.954, 0.853, 0.763, 0.795, 1.067, 1.612, 2.431, 3.659, 5.595, 6.922, 8.509, 10.341, 12.375, 14.545, 16.762, 18.931, 20.959, 22.764, 24.288, 25.5, 26.399, 27.014, 27.391, 27.593, 27.681, 27.71, 27.715
4300, 1, 0.989, 0.953, 0.851, 0.76, 0.794, 1.071, 1.613, 2.417, 3.625, 5.552, 6.886, 8.489, 10.35, 12.423, 14.641, 16.915, 19.145, 21.234, 23.099, 24.678, 25.938, 26.877, 27.523, 27.924, 28.142, 28.24, 28.275, 28.282
4320, 1, 0.989, 0.953, 0.849, 0.757, 0.795, 1.075, 1.615, 2.404, 3.589, 5.507, 6.847, 8.468, 10.357, 12.471, 14.739, 17.071, 19.364, 21.518, 23.445, 25.082, 26.392, 27.374, 28.053, 28.478, 28.714, 28.823, 28.864, 28.873
4340, 1, 0.989, 0.952, 0.846, 0.754, 0.795, 1.08, 1.616, 2.389, 3.551, 5.459, 6.806, 8.445, 10.364, 12.519, 14.839, 17.231, 19.59, 21.811, 23.803, 25.5, 26.863, 27.889, 28.604, 29.056, 29.311, 29.433, 29.48, 29.492
4360, 1, 0.989, 0.951, 0.843, 0.751, 0.795, 1.085, 1.618, 2.373, 3.512, 5.409, 6.763, 8.42, 10.369, 12.567, 14.941, 17.396, 19.822, 22.113, 24.173, 25.933, 27.352, 28.426, 29.178, 29.659, 29.934, 30.07, 30.125, 30.139
4380, 1, 0.989, 0.95, 0.841, 0.748, 0.796, 1.09, 1.619, 2.357, 3.471, 5.356, 6.717, 8.392, 10.373, 12.615, 15.045, 17.564, 20.061, 22.424, 24.555, 26.382, 27.86, 28.984, 29.777, 30.289, 30.586, 30.737, 30.8, 30.816
4400, 1, 0.988, 0.95, 0.838, 0.745, 0.797, 1.096, 1.621, 2.34, 3.428, 5.301, 6.668, 8.363, 10.375, 12.663, 15.15, 17.736, 20.306, 22.745, 24.951, 26.847, 28.388, 29.565, 30.401, 30.947, 31.268, 31.435, 31.508, 31.527
4420, 1, 0.988, 0.949, 0.835, 0.742, 0.798, 1.102, 1.623, 2.322, 3.382, 5.242, 6.617, 8.331, 10.376, 12.711, 15.257, 17.912, 20.558, 23.076, 25.36, 27.329, 28.936, 30.17, 31.052, 31.634, 31.983, 32.167, 32.25, 32.273
4440, 1, 0.988, 0.948, 0.832, 0.738, 0.799, 1.108, 1.625, 2.303, 3.335, 5.181, 6.562, 8.296, 10.375, 12.758, 15.366, 18.092, 20.817, 23.417, 25.783, 27.829, 29.506, 30.801, 31.733, 32.355, 32.733, 32.937, 33.032, 33.058
4460, 1, 0.988, 0.947, 0.828, 0.735, 0.8, 1.115, 1.627, 2.284, 3.285, 5.116, 6.505, 8.258, 10.372, 12.805, 15.475, 18.276, 21.083, 23.769, 26.221, 28.349, 30.1, 31.459, 32.446, 33.11, 33.52, 33.746, 33.854, 33.885
4480, 1, 0.988, 0.946, 0.825, 0.731, 0.802, 1.122, 1.629, 2.263, 3.233, 5.049, 6.444, 8.218, 10.367, 12.85, 15.586, 18.464, 21.357, 24.132, 26.673, 28.888, 30.718, 32.147, 33.192, 33.903, 34.348, 34.6, 34.721, 34.757
4500, 1, 0.988, 0.945, 0.821, 0.728, 0.804, 1.13, 1.631, 2.241, 3.179, 4.978, 6.379, 8.174, 10.359, 12.895, 15.697, 18.655, 21.636, 24.506, 27.142, 29.448, 31.362, 32.866, 33.975, 34.737, 35.222, 35.501, 35.638, 35.679
</Data> 