<Source> SigmaCalc 1.6. File created () </Source> 
<Created> 26-01-2011 15:26:10 by Nuno Barradas</Created> 
<Comment> enforced 1 at 1º </Comment>
<Reaction> "27Al(p,p)27Al" </Reaction>  
<EnergyRange> </EnergyRange>
<AnglesNumber>  17 </AnglesNumber> 
<EnergiesNumber>  785 </EnergiesNumber> 
<Data>
,1,20,30,50,60,70,80,90,100,110,120,130,140,150,160,170,180
900,1,1,1,1,0.999,0.999,1,1,1.001,1.001,1.001,1.001,1.001,1.001,1,1,1
904.5,1,1,1,1,0.999,0.999,1,1,1.001,1.001,1.001,1.001,1.001,1.001,1,1,1
909,1,1,1,1,0.999,0.999,1,1,1.001,1.001,1.001,1.001,1.001,1,1,1,1
913.5,1,1,1,1,0.999,0.999,1,1,1.001,1.001,1.001,1.001,1.001,1,1,1,1
918,1,1,1,1,0.999,0.999,1,1,1.001,1.001,1.001,1.001,1.001,1,1,0.999,0.999
922.5,1,1,1.001,1,0.999,0.999,1,1,1.001,1.001,1.001,1.001,1,1,0.999,0.999,0.999
927,1,1,1.001,1,0.999,0.999,1,1,1.001,1.001,1.001,1.001,1,0.999,0.998,0.998,0.998
931,1,1,1.001,0.999,0.998,0.998,0.999,1,1.001,1.002,1.001,1,0.999,0.997,0.996,0.995,0.995
934,1,1,1.002,0.999,0.997,0.997,0.999,1.001,1.002,1.002,1.001,0.998,0.996,0.993,0.991,0.99,0.989
935.5,1,1,1.003,0.998,0.995,0.996,0.998,1.001,1.003,1.002,1,0.995,0.99,0.985,0.981,0.978,0.977
936,1,1,1.004,0.997,0.993,0.994,0.997,1.001,1.004,1.003,0.998,0.992,0.984,0.977,0.971,0.967,0.965
936.5,1,0.999,1.007,0.995,0.987,0.988,0.995,1.003,1.006,1.004,0.995,0.981,0.966,0.951,0.94,0.932,0.929
937,1,1.03,1.015,0.902,0.961,1.047,1.098,1.087,1.022,0.931,0.846,0.786,0.758,0.757,0.772,0.788,0.794
937.5,1,1.002,0.994,1.002,1.01,1.012,1.007,1,0.996,0.998,1.005,1.017,1.031,1.045,1.057,1.065,1.068
938,1,1.001,0.997,1.001,1.005,1.005,1.003,1,0.999,1,1.004,1.01,1.017,1.024,1.03,1.034,1.035
938.5,1,1,0.998,1.001,1.003,1.003,1.002,1,0.999,1,1.003,1.007,1.012,1.017,1.02,1.023,1.024
939.5,1,1,0.999,1,1.002,1.002,1.001,1,1,1.001,1.002,1.005,1.008,1.011,1.013,1.014,1.015
942,1,1,1,1,1,1,1,1,1,1.001,1.002,1.003,1.005,1.006,1.007,1.008,1.008
945.5,1,1,1,1,1,1,1,1,1.001,1.001,1.002,1.002,1.003,1.004,1.004,1.005,1.005
950,1,1,1,1,1,1,1,1,1.001,1.001,1.002,1.002,1.002,1.003,1.003,1.003,1.003
954.5,1,1,1,1,1,1,1,1,1.001,1.001,1.002,1.002,1.002,1.002,1.002,1.002,1.002
959,1,1,1,1,1,1,1,1,1.001,1.001,1.002,1.002,1.002,1.002,1.002,1.002,1.002
964,1,1,1,1,0.999,1,1,1,1.001,1.001,1.001,1.001,1.001,1.001,1.001,1.001,1.001
969,1,1,1,1,1,1,1,1,1.001,1.001,1.001,1.001,1.001,1.001,1.001,1,1
974,1,1,1,1,1,1,1,1,1.001,1.001,1.001,1.001,1,1,1,1,1
978.5,1,1,1,1,1,1,1,1,1,1.001,1,1,1,0.999,0.999,0.999,0.999
983,1,1,1,1,1,1,1,1,1,1,0.999,0.999,0.998,0.998,0.997,0.997,0.997
986.5,1,1,1,1.001,1.001,1,1,1,0.999,0.998,0.998,0.997,0.996,0.995,0.994,0.994,0.994
989,1,1,1,1.002,1.002,1.002,1.001,0.999,0.997,0.995,0.993,0.992,0.99,0.989,0.988,0.987,0.987
990.5,1,1,0.999,1.005,1.006,1.005,1.001,0.997,0.992,0.988,0.984,0.98,0.977,0.975,0.974,0.973,0.973
991,1,0.999,0.999,1.008,1.01,1.008,1.002,0.995,0.987,0.98,0.973,0.968,0.964,0.961,0.959,0.958,0.957
991.5,1,0.998,0.996,1.018,1.022,1.016,1.003,0.985,0.967,0.95,0.936,0.926,0.918,0.913,0.909,0.908,0.907
992,1,1.004,1.025,0.952,0.909,0.898,0.922,0.975,1.044,1.119,1.192,1.256,1.309,1.351,1.38,1.397,1.403
992.5,1,1.002,1.004,0.988,0.982,0.984,0.993,1.006,1.02,1.033,1.045,1.054,1.061,1.066,1.069,1.07,1.071
993,1,1.001,1.002,0.993,0.99,0.991,0.997,1.004,1.012,1.02,1.026,1.031,1.034,1.036,1.038,1.038,1.038
993.5,1,1.001,1.002,0.995,0.993,0.994,0.998,1.003,1.009,1.014,1.018,1.022,1.024,1.025,1.026,1.026,1.026
994.5,1,1,1.001,0.997,0.995,0.996,0.999,1.002,1.006,1.01,1.012,1.014,1.015,1.016,1.016,1.016,1.016
996.5,1,1,1.001,0.998,0.997,0.997,0.999,1.002,1.004,1.006,1.008,1.009,1.009,1.01,1.01,1.01,1.009
1000,1,1,1.001,0.998,0.998,0.998,0.999,1.001,1.003,1.004,1.005,1.006,1.006,1.006,1.006,1.005,1.005
1004,1,1,1.001,0.999,0.998,0.998,0.999,1.001,1.002,1.004,1.004,1.004,1.004,1.004,1.004,1.003,1.003
1008.5,1,1,1.001,0.999,0.998,0.999,1,1.001,1.002,1.003,1.003,1.003,1.003,1.002,1.002,1.002,1.002
1013,1,1,1.001,0.999,0.999,0.999,1,1.001,1.002,1.002,1.002,1.002,1.002,1.001,1,1,1
1017.5,1,1,1.001,1,0.999,0.999,1,1,1.001,1.001,1.001,1,0.999,0.999,0.998,0.997,0.997
1021,1,1,1,1,1,1,1,1,1,0.999,0.998,0.996,0.995,0.994,0.993,0.992,0.992
1023,1,1,1,1.002,1.002,1.002,1,0.999,0.997,0.994,0.992,0.989,0.987,0.985,0.984,0.983,0.983
1024,1,0.999,1,1.005,1.006,1.004,1.001,0.997,0.992,0.986,0.982,0.978,0.974,0.972,0.97,0.969,0.968
1024.5,1,0.999,0.999,1.009,1.011,1.008,1.002,0.993,0.984,0.975,0.967,0.961,0.956,0.952,0.95,0.948,0.948
1025,1,0.996,0.996,1.027,1.03,1.02,0.999,0.974,0.948,0.925,0.906,0.892,0.882,0.876,0.872,0.87,0.869
1025.5,1,1.004,1.013,0.963,0.943,0.944,0.967,1.005,1.049,1.094,1.135,1.169,1.196,1.217,1.23,1.238,1.241
1026,1,1.002,1.004,0.987,0.982,0.984,0.994,1.007,1.021,1.035,1.046,1.054,1.06,1.065,1.067,1.069,1.069
1026.5,1,1.001,1.003,0.992,0.988,0.99,0.997,1.005,1.014,1.022,1.029,1.034,1.037,1.039,1.04,1.04,1.041
1027,1,1.001,1.002,0.994,0.991,0.993,0.997,1.004,1.011,1.017,1.022,1.025,1.027,1.028,1.029,1.029,1.029
1028,1,1.001,1.002,0.995,0.993,0.995,0.998,1.003,1.008,1.012,1.015,1.017,1.018,1.019,1.019,1.019,1.019
1030,1,1,1.001,0.997,0.995,0.996,0.999,1.002,1.006,1.009,1.011,1.012,1.012,1.012,1.012,1.012,1.011
1033.5,1,1,1.001,0.997,0.996,0.997,0.999,1.002,1.005,1.007,1.008,1.008,1.008,1.008,1.007,1.007,1.007
1037.5,1,1,1.001,0.998,0.996,0.997,0.999,1.002,1.004,1.006,1.007,1.007,1.007,1.006,1.005,1.005,1.005
1042.5,1,1,1.001,0.998,0.997,0.997,0.999,1.002,1.004,1.006,1.006,1.006,1.006,1.005,1.004,1.003,1.003
1047.5,1,1,1.001,0.998,0.997,0.997,0.999,1.002,1.004,1.005,1.006,1.006,1.005,1.004,1.003,1.002,1.002
1052.5,1,1,1.001,0.998,0.997,0.997,0.999,1.002,1.004,1.005,1.006,1.005,1.004,1.003,1.002,1.001,1.001
1057.5,1,1,1.001,0.998,0.996,0.997,0.999,1.002,1.004,1.005,1.005,1.005,1.004,1.002,1.001,1,1
1062.5,1,1,1.001,0.998,0.996,0.997,0.999,1.002,1.004,1.005,1.005,1.005,1.003,1.002,1,1,0.999
1067.5,1,1,1.002,0.998,0.996,0.997,0.999,1.002,1.004,1.005,1.005,1.004,1.003,1.001,1,0.999,0.998
1072.5,1,1,1.002,0.997,0.996,0.997,0.999,1.002,1.004,1.005,1.005,1.004,1.002,1,0.999,0.997,0.997
1077.5,1,1,1.002,0.997,0.996,0.996,0.999,1.002,1.004,1.005,1.005,1.004,1.002,0.999,0.998,0.996,0.996
1082.5,1,1,1.002,0.997,0.995,0.996,0.999,1.002,1.004,1.006,1.005,1.003,1.001,0.998,0.996,0.995,0.994
1087.5,1,1,1.002,0.997,0.995,0.996,0.998,1.002,1.005,1.006,1.005,1.003,1,0.997,0.995,0.993,0.992
1092,1,1,1.002,0.997,0.994,0.995,0.998,1.002,1.005,1.006,1.005,1.002,0.999,0.996,0.993,0.991,0.99
1096,1,1.001,1.003,0.996,0.994,0.995,0.998,1.002,1.005,1.006,1.005,1.002,0.998,0.994,0.99,0.988,0.987
1100,1,1.001,1.003,0.996,0.993,0.994,0.998,1.002,1.005,1.006,1.004,1.001,0.996,0.991,0.987,0.985,0.984
1103.5,1,1.001,1.003,0.995,0.992,0.993,0.997,1.002,1.006,1.006,1.004,1,0.994,0.989,0.984,0.98,0.979
1106.5,1,1.001,1.004,0.995,0.991,0.992,0.997,1.002,1.006,1.007,1.004,0.998,0.992,0.985,0.979,0.975,0.974
1109,1,1.001,1.005,0.994,0.99,0.991,0.997,1.003,1.007,1.007,1.003,0.997,0.988,0.98,0.973,0.968,0.967
1111,1,1.001,1.006,0.993,0.988,0.99,0.996,1.003,1.007,1.007,1.003,0.994,0.984,0.974,0.966,0.96,0.958
1112.5,1,1.001,1.006,0.992,0.986,0.988,0.995,1.003,1.008,1.008,1.002,0.992,0.98,0.967,0.957,0.951,0.948
1113.5,1,1.001,1.008,0.991,0.984,0.986,0.995,1.004,1.009,1.008,1.001,0.989,0.975,0.961,0.949,0.942,0.939
1114.5,1,1.002,1.009,0.989,0.982,0.984,0.994,1.004,1.01,1.009,1,0.985,0.968,0.952,0.938,0.928,0.925
1115,1,1.002,1.01,0.988,0.98,0.983,0.993,1.005,1.011,1.009,0.999,0.983,0.964,0.945,0.929,0.919,0.916
1115.5,1,1.002,1.011,0.987,0.977,0.981,0.993,1.005,1.012,1.009,0.998,0.979,0.958,0.936,0.919,0.908,0.904
1116,1,1.002,1.012,0.984,0.974,0.978,0.992,1.006,1.013,1.01,0.996,0.974,0.949,0.925,0.905,0.892,0.887
1116.5,1,1.003,1.015,0.981,0.97,0.975,0.991,1.008,1.015,1.01,0.993,0.968,0.938,0.909,0.885,0.87,0.865
1117,1,1.004,1.018,0.977,0.963,0.971,0.991,1.01,1.018,1.011,0.989,0.957,0.92,0.884,0.856,0.837,0.831
1117.5,1,1.006,1.023,0.968,0.953,0.964,0.99,1.015,1.024,1.012,0.981,0.938,0.889,0.843,0.806,0.783,0.774
1118,1,1.01,1.031,0.949,0.933,0.954,0.995,1.028,1.035,1.012,0.962,0.897,0.827,0.763,0.713,0.681,0.67
1118.5,1,1.026,1.041,0.896,0.898,0.959,1.033,1.075,1.063,0.999,0.9,0.788,0.681,0.592,0.528,0.49,0.478
1119,1,1.041,0.964,0.903,1.021,1.134,1.175,1.134,1.04,0.936,0.862,0.839,0.868,0.933,1.008,1.066,1.088
1119.5,1,1.008,0.958,1.004,1.067,1.093,1.076,1.032,0.99,0.971,0.988,1.04,1.116,1.201,1.278,1.33,1.349
1120,1,1.002,0.974,1.012,1.044,1.053,1.037,1.011,0.99,0.988,1.007,1.046,1.098,1.152,1.2,1.232,1.243
1120.5,1,1,0.982,1.01,1.031,1.035,1.023,1.005,0.993,0.994,1.01,1.04,1.077,1.115,1.148,1.17,1.178
1121,1,1,0.986,1.008,1.024,1.026,1.016,1.003,0.995,0.997,1.011,1.034,1.062,1.091,1.116,1.133,1.138
1121.5,1,1,0.989,1.007,1.018,1.02,1.012,1.002,0.997,0.999,1.01,1.029,1.052,1.075,1.095,1.108,1.113
1122,1,1,0.991,1.006,1.015,1.016,1.01,1.002,0.998,1,1.01,1.026,1.045,1.064,1.08,1.091,1.095
1122.5,1,1,0.993,1.004,1.012,1.013,1.008,1.002,0.999,1.001,1.01,1.023,1.04,1.056,1.069,1.078,1.081
1123,1,1,0.994,1.004,1.01,1.011,1.007,1.002,0.999,1.002,1.01,1.021,1.035,1.049,1.061,1.068,1.071
1124,1,1,0.995,1.002,1.007,1.008,1.005,1.002,1,1.003,1.009,1.018,1.029,1.04,1.048,1.054,1.056
1125,1,1,0.997,1.002,1.005,1.006,1.004,1.002,1.001,1.003,1.008,1.016,1.024,1.033,1.04,1.044,1.046
1126.5,1,1,0.998,1.001,1.003,1.004,1.003,1.002,1.002,1.004,1.008,1.014,1.02,1.026,1.031,1.034,1.036
1128.5,1,1,0.999,1,1.001,1.002,1.002,1.002,1.002,1.004,1.008,1.012,1.016,1.02,1.024,1.026,1.026
1131,1,1,0.999,0.999,1,1,1.001,1.002,1.003,1.005,1.007,1.01,1.012,1.015,1.017,1.018,1.019
1134,1,1,1,0.998,0.999,0.999,1,1.002,1.004,1.005,1.007,1.008,1.01,1.011,1.012,1.012,1.012
1137,1,1,1,0.998,0.998,0.998,1,1.002,1.004,1.005,1.006,1.007,1.007,1.008,1.008,1.008,1.008
1140.5,1,1,1.001,0.998,0.997,0.998,1,1.002,1.004,1.006,1.006,1.006,1.005,1.005,1.004,1.003,1.003
1144,1,1.001,1.001,0.997,0.996,0.997,0.999,1.002,1.004,1.006,1.006,1.005,1.003,1.002,1,1,0.999
1148,1,1.001,1.002,0.997,0.995,0.996,0.999,1.002,1.005,1.006,1.005,1.004,1.001,0.999,0.997,0.995,0.995
1152,1,1.001,1.002,0.996,0.994,0.996,0.999,1.002,1.005,1.006,1.005,1.002,0.999,0.996,0.993,0.991,0.991
1155.5,1,1.001,1.003,0.996,0.994,0.995,0.998,1.002,1.005,1.006,1.004,1.001,0.997,0.993,0.99,0.987,0.986
1159,1,1.001,1.003,0.995,0.993,0.994,0.998,1.002,1.005,1.006,1.004,1,0.995,0.99,0.986,0.983,0.982
1162.5,1,1.001,1.003,0.995,0.992,0.993,0.998,1.003,1.006,1.006,1.003,0.998,0.992,0.986,0.981,0.978,0.977
1166,1,1.001,1.004,0.994,0.991,0.993,0.997,1.003,1.006,1.006,1.002,0.996,0.989,0.982,0.976,0.972,0.971
1168.5,1,1.001,1.004,0.994,0.99,0.992,0.997,1.003,1.006,1.005,1.001,0.994,0.986,0.978,0.971,0.967,0.965
1171,1,1.001,1.005,0.993,0.989,0.991,0.997,1.003,1.006,1.005,1,0.992,0.982,0.973,0.966,0.961,0.959
1173.5,1,1.002,1.005,0.993,0.989,0.991,0.997,1.002,1.006,1.004,0.998,0.989,0.978,0.967,0.959,0.953,0.951
1175.5,1,1.002,1.006,0.993,0.988,0.99,0.996,1.002,1.005,1.003,0.996,0.985,0.973,0.961,0.952,0.946,0.944
1177.5,1,1.002,1.006,0.992,0.987,0.989,0.996,1.002,1.004,1.001,0.993,0.98,0.967,0.954,0.943,0.936,0.933
1179,1,1.002,1.007,0.992,0.987,0.989,0.995,1.001,1.003,0.999,0.989,0.975,0.96,0.945,0.933,0.926,0.923
1180,1,1.002,1.007,0.993,0.987,0.989,0.995,1,1.001,0.996,0.985,0.97,0.953,0.938,0.925,0.917,0.914
1181,1,1.002,1.008,0.994,0.988,0.989,0.994,0.998,0.998,0.991,0.978,0.961,0.943,0.927,0.913,0.905,0.902
1181.5,1,1.001,1.008,0.995,0.989,0.989,0.994,0.997,0.995,0.987,0.973,0.955,0.936,0.919,0.905,0.896,0.893
1182,1,1.001,1.008,0.996,0.99,0.989,0.992,0.994,0.991,0.981,0.966,0.947,0.927,0.908,0.894,0.885,0.882
1182.5,1,1.001,1.008,0.998,0.992,0.99,0.99,0.989,0.984,0.971,0.954,0.933,0.912,0.893,0.878,0.869,0.865
1183,1,1,1.009,1.003,0.995,0.989,0.985,0.979,0.969,0.953,0.933,0.91,0.887,0.868,0.852,0.842,0.839
1183.5,1,0.998,1.012,1.012,0.998,0.982,0.966,0.949,0.931,0.909,0.886,0.863,0.841,0.822,0.808,0.799,0.796
1184,1,0.998,1.029,1.005,0.955,0.908,0.875,0.857,0.851,0.852,0.858,0.864,0.871,0.877,0.881,0.884,0.885
1184.5,1,1.008,1.023,0.954,0.922,0.918,0.939,0.974,1.013,1.047,1.074,1.091,1.102,1.107,1.109,1.109,1.109
1185,1,1.007,1.015,0.963,0.947,0.954,0.977,1.007,1.034,1.053,1.061,1.061,1.055,1.047,1.039,1.034,1.032
1185.5,1,1.006,1.013,0.969,0.957,0.964,0.986,1.012,1.032,1.044,1.044,1.037,1.025,1.012,1.001,0.993,0.99
1186,1,1.006,1.013,0.971,0.961,0.969,0.989,1.012,1.03,1.037,1.034,1.023,1.008,0.992,0.979,0.97,0.967
1186.5,1,1.005,1.013,0.973,0.963,0.971,0.991,1.012,1.028,1.032,1.027,1.013,0.996,0.978,0.964,0.954,0.951
1187,1,1.005,1.013,0.974,0.964,0.972,0.992,1.012,1.026,1.029,1.022,1.006,0.987,0.968,0.952,0.942,0.939
1187.5,1,1.005,1.013,0.974,0.964,0.972,0.992,1.012,1.025,1.027,1.018,1.001,0.98,0.96,0.943,0.932,0.928
1188,1,1.005,1.013,0.974,0.964,0.973,0.992,1.012,1.025,1.025,1.014,0.996,0.974,0.952,0.935,0.923,0.919
1189,1,1.006,1.014,0.973,0.963,0.972,0.993,1.013,1.024,1.023,1.009,0.988,0.963,0.939,0.92,0.908,0.903
1190,1,1.006,1.015,0.971,0.961,0.971,0.993,1.013,1.024,1.021,1.005,0.981,0.953,0.927,0.906,0.892,0.888
1190.5,1,1.006,1.016,0.97,0.96,0.971,0.993,1.014,1.024,1.02,1.003,0.977,0.948,0.92,0.898,0.884,0.88
1191,1,1.007,1.016,0.969,0.958,0.97,0.993,1.014,1.024,1.019,1.001,0.973,0.943,0.914,0.891,0.876,0.871
1191.5,1,1.007,1.017,0.967,0.957,0.969,0.993,1.015,1.025,1.019,0.999,0.969,0.937,0.907,0.883,0.868,0.863
1192,1,1.008,1.018,0.966,0.955,0.968,0.993,1.016,1.026,1.018,0.996,0.965,0.931,0.899,0.875,0.859,0.854
1192.5,1,1.008,1.019,0.964,0.953,0.967,0.994,1.017,1.026,1.018,0.994,0.961,0.924,0.891,0.866,0.849,0.844
1193,1,1.009,1.019,0.961,0.951,0.966,0.994,1.018,1.027,1.017,0.991,0.956,0.918,0.883,0.856,0.839,0.834
1193.5,1,1.01,1.02,0.959,0.948,0.965,0.995,1.019,1.028,1.016,0.988,0.95,0.91,0.874,0.846,0.829,0.823
1194,1,1.01,1.021,0.956,0.946,0.964,0.995,1.021,1.029,1.016,0.985,0.944,0.902,0.864,0.835,0.817,0.811
1194.5,1,1.011,1.022,0.953,0.943,0.963,0.996,1.023,1.03,1.015,0.981,0.938,0.893,0.854,0.824,0.805,0.799
1195,1,1.012,1.023,0.949,0.939,0.962,0.998,1.025,1.031,1.013,0.977,0.93,0.883,0.842,0.811,0.792,0.786
1195.5,1,1.014,1.024,0.944,0.936,0.961,1,1.028,1.033,1.012,0.972,0.921,0.872,0.829,0.798,0.779,0.773
1196,1,1.016,1.025,0.939,0.932,0.961,1.002,1.032,1.035,1.01,0.965,0.912,0.86,0.816,0.785,0.766,0.76
1196.5,1,1.017,1.026,0.933,0.928,0.961,1.006,1.036,1.036,1.008,0.958,0.901,0.847,0.802,0.771,0.753,0.748
1197,1,1.02,1.026,0.926,0.924,0.963,1.011,1.041,1.038,1.004,0.95,0.888,0.832,0.788,0.759,0.742,0.737
1197.5,1,1.022,1.026,0.918,0.921,0.966,1.018,1.047,1.04,1,0.939,0.875,0.818,0.776,0.749,0.735,0.731
1198.5,1,1.029,1.023,0.901,0.918,0.979,1.039,1.064,1.043,0.986,0.913,0.845,0.793,0.763,0.75,0.748,0.748
1199,1,1.032,1.018,0.893,0.921,0.993,1.055,1.074,1.043,0.977,0.899,0.832,0.789,0.772,0.772,0.779,0.783
1199.5,1,1.035,1.01,0.887,0.931,1.012,1.074,1.084,1.041,0.965,0.885,0.825,0.797,0.799,0.818,0.838,0.847
1200,1,1.037,1,0.887,0.947,1.036,1.094,1.093,1.036,0.953,0.875,0.828,0.822,0.849,0.891,0.928,0.943
1200.5,1,1.037,0.986,0.894,0.97,1.063,1.113,1.097,1.028,0.942,0.873,0.845,0.866,0.922,0.99,1.045,1.066
1201,1,1.034,0.973,0.909,0.997,1.088,1.125,1.095,1.018,0.934,0.88,0.875,0.923,1.007,1.099,1.169,1.195
1201.5,1,1.03,0.962,0.929,1.022,1.105,1.129,1.087,1.008,0.933,0.895,0.913,0.984,1.089,1.197,1.278,1.307
1202,1,1.024,0.955,0.949,1.042,1.114,1.124,1.076,1,0.936,0.914,0.95,1.037,1.154,1.27,1.354,1.385
1202.5,1,1.019,0.952,0.967,1.055,1.115,1.115,1.064,0.994,0.942,0.934,0.982,1.077,1.197,1.313,1.397,1.427
1203,1,1.014,0.952,0.981,1.062,1.111,1.104,1.053,0.99,0.949,0.952,1.006,1.103,1.221,1.333,1.412,1.441
1204,1,1.008,0.955,0.999,1.065,1.097,1.082,1.036,0.987,0.962,0.977,1.036,1.127,1.233,1.33,1.399,1.423
1204.5,1,1.005,0.958,1.004,1.063,1.09,1.073,1.03,0.987,0.967,0.986,1.044,1.13,1.229,1.319,1.382,1.404
1205,1,1.004,0.96,1.007,1.061,1.083,1.065,1.025,0.987,0.972,0.993,1.049,1.131,1.222,1.305,1.363,1.383
1205.5,1,1.002,0.963,1.01,1.058,1.076,1.058,1.021,0.987,0.976,0.998,1.052,1.129,1.214,1.291,1.344,1.363
1206,1,1.002,0.965,1.011,1.056,1.071,1.053,1.018,0.988,0.98,1.002,1.054,1.126,1.206,1.276,1.325,1.343
1206.5,1,1.001,0.967,1.012,1.053,1.065,1.048,1.016,0.989,0.983,1.005,1.054,1.123,1.197,1.263,1.308,1.324
1207,1,1,0.969,1.013,1.05,1.061,1.044,1.014,0.989,0.985,1.007,1.055,1.119,1.189,1.25,1.292,1.307
1207.5,1,1,0.971,1.013,1.048,1.057,1.04,1.012,0.99,0.987,1.009,1.054,1.115,1.181,1.238,1.278,1.292
1208,1,1,0.973,1.013,1.045,1.053,1.037,1.011,0.991,0.989,1.011,1.054,1.112,1.173,1.227,1.264,1.277
1208.5,1,0.999,0.974,1.013,1.043,1.05,1.035,1.01,0.991,0.99,1.012,1.053,1.108,1.166,1.217,1.252,1.264
1209.5,1,0.999,0.977,1.013,1.039,1.044,1.03,1.008,0.993,0.993,1.014,1.052,1.102,1.154,1.2,1.23,1.241
1210.5,1,0.999,0.979,1.013,1.036,1.04,1.027,1.007,0.994,0.995,1.015,1.05,1.096,1.143,1.185,1.212,1.222
1211.5,1,0.999,0.981,1.012,1.033,1.036,1.024,1.006,0.995,0.997,1.015,1.048,1.091,1.134,1.172,1.197,1.206
1212.5,1,0.999,0.982,1.012,1.03,1.033,1.022,1.006,0.995,0.998,1.016,1.047,1.086,1.126,1.161,1.184,1.192
1213.5,1,0.999,0.983,1.011,1.028,1.031,1.02,1.005,0.996,0.999,1.016,1.045,1.082,1.119,1.151,1.173,1.18
1214.5,1,0.999,0.985,1.01,1.026,1.028,1.018,1.005,0.997,1,1.016,1.044,1.078,1.113,1.143,1.163,1.17
1216,1,0.999,0.986,1.01,1.024,1.026,1.016,1.004,0.997,1.001,1.016,1.042,1.073,1.105,1.132,1.151,1.157
1217.5,1,0.999,0.987,1.009,1.022,1.023,1.015,1.004,0.998,1.002,1.017,1.04,1.069,1.099,1.123,1.14,1.146
1219.5,1,0.999,0.988,1.008,1.02,1.021,1.013,1.004,0.999,1.003,1.017,1.038,1.065,1.091,1.114,1.129,1.134
1221.5,1,0.999,0.989,1.008,1.018,1.019,1.012,1.004,1,1.004,1.016,1.037,1.061,1.085,1.106,1.119,1.124
1223.5,1,0.999,0.99,1.007,1.016,1.017,1.011,1.003,1,1.004,1.016,1.035,1.058,1.08,1.099,1.111,1.116
1226,1,0.999,0.991,1.006,1.015,1.015,1.01,1.003,1.001,1.005,1.016,1.034,1.054,1.075,1.092,1.103,1.107
1228.5,1,0.999,0.992,1.006,1.013,1.014,1.009,1.003,1.001,1.005,1.016,1.032,1.051,1.07,1.086,1.097,1.1
1231.5,1,0.999,0.993,1.005,1.012,1.012,1.008,1.003,1.002,1.006,1.016,1.031,1.048,1.066,1.08,1.09,1.093
1235,1,0.999,0.993,1.004,1.011,1.011,1.007,1.003,1.002,1.006,1.016,1.03,1.046,1.062,1.075,1.084,1.087
1238.5,1,0.999,0.994,1.004,1.01,1.01,1.007,1.003,1.002,1.006,1.016,1.028,1.044,1.058,1.07,1.078,1.081
1242,1,0.999,0.994,1.004,1.009,1.009,1.006,1.003,1.003,1.007,1.015,1.028,1.042,1.055,1.067,1.074,1.077
1246,1,0.999,0.995,1.003,1.008,1.008,1.006,1.003,1.003,1.007,1.015,1.027,1.04,1.052,1.063,1.07,1.072
1250,1,0.999,0.995,1.003,1.007,1.008,1.005,1.003,1.003,1.007,1.015,1.026,1.038,1.05,1.059,1.066,1.068
1254.5,1,1,0.996,1.002,1.006,1.007,1.005,1.003,1.004,1.008,1.015,1.025,1.036,1.046,1.055,1.061,1.063
1258,1,1,0.996,1.002,1.005,1.006,1.005,1.003,1.004,1.008,1.015,1.024,1.034,1.043,1.051,1.057,1.058
1261,1,1,0.997,1,1.003,1.004,1.004,1.004,1.005,1.008,1.014,1.022,1.03,1.038,1.044,1.048,1.05
1262.5,1,1,0.999,0.998,1,1.001,1.002,1.004,1.006,1.009,1.013,1.017,1.022,1.026,1.03,1.032,1.033
1263,1,1.001,1.001,0.995,0.995,0.997,1.001,1.005,1.008,1.01,1.011,1.012,1.012,1.012,1.012,1.012,1.012
1263.5,1,1.006,1.011,0.975,0.97,0.981,0.999,1.014,1.02,1.014,0.998,0.975,0.95,0.927,0.909,0.897,0.893
1264,1,0.997,0.984,1.015,1.03,1.031,1.019,1.004,0.996,1,1.018,1.047,1.082,1.117,1.147,1.167,1.173
1264.5,1,0.998,0.991,1.008,1.015,1.015,1.009,1.003,1.001,1.005,1.017,1.034,1.054,1.074,1.09,1.101,1.104
1265,1,0.999,0.993,1.006,1.012,1.012,1.007,1.003,1.002,1.006,1.016,1.03,1.047,1.063,1.076,1.085,1.088
1266,1,0.999,0.994,1.004,1.009,1.009,1.006,1.003,1.003,1.007,1.016,1.028,1.041,1.055,1.066,1.073,1.075
1268,1,0.999,0.995,1.003,1.007,1.008,1.005,1.003,1.003,1.007,1.015,1.026,1.038,1.049,1.059,1.065,1.067
1271.5,1,0.999,0.996,1.002,1.006,1.007,1.005,1.003,1.004,1.008,1.015,1.025,1.036,1.046,1.055,1.06,1.062
1276,1,0.999,0.996,1.002,1.005,1.006,1.005,1.003,1.004,1.008,1.015,1.024,1.034,1.044,1.052,1.057,1.059
1281,1,1,0.996,1.002,1.005,1.006,1.004,1.003,1.004,1.008,1.014,1.023,1.033,1.042,1.049,1.054,1.056
1286.5,1,1,0.997,1.002,1.004,1.005,1.004,1.003,1.004,1.008,1.014,1.022,1.032,1.04,1.047,1.052,1.054
1292,1,1,0.997,1.001,1.004,1.005,1.004,1.003,1.004,1.008,1.014,1.022,1.03,1.039,1.046,1.05,1.051
1297.5,1,1,0.997,1.001,1.004,1.005,1.004,1.003,1.004,1.008,1.014,1.021,1.029,1.037,1.044,1.048,1.05
1303,1,1,0.997,1.001,1.004,1.004,1.004,1.003,1.004,1.007,1.013,1.02,1.028,1.036,1.042,1.046,1.048
1309,1,1,0.997,1.001,1.004,1.004,1.003,1.003,1.004,1.007,1.012,1.02,1.027,1.035,1.041,1.045,1.046
1312,1,1,0.997,1.001,1.004,1.004,1.003,1.002,1.003,1.006,1.012,1.019,1.027,1.035,1.041,1.045,1.046
1316,1,1,0.997,1.001,1.004,1.004,1.002,1.001,1.001,1.005,1.011,1.019,1.028,1.037,1.044,1.049,1.051
1317,1,1,0.997,1.001,1.004,1.004,1.002,0.999,0.999,1.003,1.01,1.02,1.031,1.042,1.05,1.056,1.058
1317.5,1,1,0.997,1.001,1.004,1.004,1,0.997,0.996,1,1.009,1.022,1.035,1.049,1.059,1.067,1.069
1318,1,1.001,0.996,1,1.005,1.003,0.995,0.987,0.984,0.991,1.007,1.029,1.055,1.08,1.1,1.114,1.118
1318.5,1,0.997,0.999,1.003,1.002,1.005,1.015,1.027,1.034,1.033,1.021,1.002,0.98,0.959,0.943,0.933,0.93
1319,1,0.999,0.998,1.002,1.003,1.005,1.007,1.01,1.012,1.013,1.013,1.012,1.01,1.009,1.007,1.007,1.006
1319.5,1,0.999,0.998,1.002,1.003,1.004,1.006,1.007,1.009,1.01,1.012,1.014,1.015,1.017,1.018,1.019,1.02
1328.5,1,0.999,0.998,1.004,1.006,1.005,1.003,1.001,0.999,1,1.002,1.005,1.01,1.014,1.018,1.02,1.021
1329.5,1,0.998,0.998,1.008,1.01,1.008,1.002,0.996,0.99,0.986,0.985,0.985,0.988,0.991,0.993,0.995,0.996
1330,1,1.004,1.067,0.994,0.873,0.763,0.698,0.693,0.745,0.843,0.971,1.111,1.248,1.369,1.462,1.521,1.541
1330.5,1,1.001,0.998,0.995,0.996,0.999,1.004,1.01,1.017,1.026,1.035,1.044,1.053,1.061,1.067,1.071,1.072
1331,1,1,0.998,0.998,1,1.002,1.004,1.006,1.01,1.016,1.022,1.029,1.036,1.043,1.048,1.051,1.052
1332,1,1,0.998,1,1.002,1.003,1.004,1.005,1.007,1.011,1.016,1.021,1.028,1.033,1.038,1.041,1.042
1334.5,1,1,0.998,1.001,1.003,1.004,1.003,1.004,1.005,1.007,1.011,1.016,1.022,1.027,1.031,1.034,1.035
1338.5,1,1,0.998,1.002,1.004,1.004,1.003,1.003,1.003,1.005,1.008,1.013,1.018,1.023,1.027,1.029,1.03
1343,1,0.999,0.998,1.002,1.004,1.004,1.003,1.002,1.002,1.003,1.006,1.009,1.014,1.018,1.022,1.024,1.025
1347,1,0.999,0.998,1.003,1.005,1.004,1.003,1.001,1,1,1.002,1.006,1.01,1.014,1.017,1.019,1.02
1350.5,1,0.999,0.998,1.004,1.006,1.005,1.002,1,0.998,0.998,0.999,1.001,1.005,1.008,1.011,1.013,1.014
1353.5,1,0.999,0.998,1.005,1.007,1.005,1.002,0.998,0.996,0.994,0.994,0.996,0.999,1.002,1.004,1.006,1.007
1356,1,0.999,0.998,1.006,1.008,1.006,1.002,0.997,0.993,0.99,0.989,0.99,0.992,0.994,0.997,0.998,0.999
1357.5,1,0.999,0.998,1.008,1.009,1.006,1.001,0.995,0.99,0.986,0.985,0.985,0.986,0.988,0.99,0.992,0.992
1359,1,0.998,0.999,1.009,1.01,1.007,1.001,0.993,0.986,0.981,0.978,0.978,0.978,0.98,0.981,0.983,0.983
1360.5,1,0.998,0.999,1.011,1.012,1.008,1,0.99,0.981,0.974,0.969,0.967,0.967,0.967,0.969,0.97,0.97
1361.5,1,0.998,0.999,1.014,1.014,1.009,0.998,0.986,0.975,0.966,0.959,0.956,0.955,0.955,0.956,0.956,0.957
1362.5,1,0.997,1,1.018,1.018,1.009,0.996,0.98,0.965,0.953,0.944,0.939,0.936,0.936,0.936,0.936,0.937
1363,1,0.996,1,1.02,1.02,1.01,0.993,0.975,0.957,0.943,0.933,0.926,0.923,0.921,0.921,0.922,0.922
1363.5,1,0.996,1.001,1.024,1.022,1.009,0.989,0.967,0.946,0.928,0.916,0.908,0.904,0.902,0.902,0.902,0.902
1364,1,0.995,1.002,1.03,1.026,1.008,0.982,0.953,0.927,0.906,0.891,0.881,0.876,0.874,0.873,0.874,0.874
1364.5,1,0.994,1.005,1.038,1.028,1.001,0.965,0.926,0.893,0.866,0.848,0.837,0.832,0.831,0.832,0.833,0.834
1365,1,0.992,1.015,1.048,1.021,0.972,0.916,0.863,0.821,0.793,0.778,0.774,0.777,0.784,0.792,0.797,0.799
1365.5,1,1,1.037,1.012,0.941,0.864,0.803,0.769,0.764,0.785,0.825,0.875,0.928,0.977,1.016,1.04,1.049
1366,1,1.01,1.021,0.946,0.902,0.881,0.89,0.926,0.982,1.05,1.122,1.192,1.255,1.307,1.346,1.37,1.378
1366.5,1,1.007,1.006,0.959,0.943,0.945,0.964,0.997,1.039,1.084,1.129,1.171,1.207,1.236,1.257,1.27,1.274
1367,1,1.005,1.002,0.972,0.965,0.97,0.986,1.01,1.039,1.07,1.099,1.127,1.15,1.169,1.183,1.191,1.194
1367.5,1,1.003,1,0.979,0.976,0.981,0.994,1.012,1.033,1.056,1.077,1.097,1.115,1.129,1.139,1.145,1.147
1368,1,1.002,1,0.985,0.983,0.987,0.997,1.011,1.028,1.045,1.062,1.078,1.091,1.102,1.111,1.115,1.117
1368.5,1,1.002,0.999,0.988,0.987,0.991,0.999,1.01,1.023,1.037,1.051,1.063,1.075,1.084,1.091,1.095,1.097
1369,1,1.001,0.999,0.991,0.99,0.994,1,1.009,1.019,1.031,1.042,1.053,1.062,1.07,1.076,1.08,1.081
1369.5,1,1.001,0.999,0.993,0.993,0.996,1.001,1.008,1.016,1.025,1.035,1.044,1.052,1.059,1.065,1.068,1.069
1370.5,1,1,0.999,0.996,0.996,0.998,1.001,1.006,1.011,1.017,1.024,1.031,1.038,1.043,1.047,1.05,1.051
1371.5,1,1,0.999,0.998,0.999,1,1.001,1.003,1.007,1.011,1.016,1.021,1.026,1.03,1.034,1.036,1.037
1372.5,1,1,0.999,1,1.001,1.001,1.001,1.002,1.003,1.005,1.008,1.012,1.016,1.02,1.023,1.025,1.025
1373.5,1,0.999,0.999,1.002,1.003,1.002,1.001,1,0.999,0.999,1.001,1.004,1.007,1.01,1.012,1.014,1.014
1374.5,1,0.999,0.999,1.004,1.005,1.004,1.001,0.997,0.995,0.994,0.994,0.995,0.997,0.999,1.001,1.003,1.003
1375.5,1,0.999,0.999,1.006,1.007,1.005,1,0.995,0.991,0.987,0.986,0.986,0.987,0.988,0.99,0.991,0.991
1376.5,1,0.998,0.999,1.009,1.01,1.006,0.999,0.992,0.985,0.98,0.977,0.975,0.975,0.976,0.977,0.978,0.978
1377.5,1,0.998,0.999,1.012,1.012,1.007,0.998,0.988,0.978,0.971,0.965,0.962,0.96,0.96,0.96,0.961,0.961
1378,1,0.998,1,1.014,1.014,1.008,0.998,0.986,0.974,0.965,0.958,0.954,0.951,0.951,0.951,0.951,0.951
1378.5,1,0.997,1,1.016,1.016,1.009,0.997,0.982,0.969,0.958,0.949,0.944,0.941,0.939,0.939,0.939,0.939
1379,1,0.997,1,1.019,1.018,1.01,0.995,0.979,0.963,0.949,0.939,0.932,0.928,0.926,0.925,0.925,0.925
1379.5,1,0.996,1,1.022,1.022,1.011,0.993,0.973,0.954,0.938,0.926,0.917,0.912,0.909,0.908,0.907,0.907
1380,1,0.995,1.001,1.027,1.025,1.012,0.991,0.966,0.943,0.923,0.908,0.898,0.891,0.887,0.886,0.885,0.885
1380.5,1,0.994,1.002,1.033,1.03,1.013,0.986,0.956,0.927,0.903,0.884,0.871,0.863,0.858,0.856,0.855,0.855
1381,1,0.993,1.004,1.042,1.037,1.012,0.977,0.938,0.902,0.871,0.848,0.832,0.822,0.817,0.814,0.813,0.813
1381.5,1,0.991,1.008,1.057,1.045,1.008,0.957,0.903,0.855,0.816,0.788,0.77,0.76,0.756,0.754,0.755,0.755
1382,1,0.988,1.022,1.08,1.045,0.977,0.895,0.817,0.754,0.711,0.686,0.678,0.68,0.688,0.698,0.705,0.708
1382.5,1,1,1.067,1.032,0.918,0.796,0.703,0.658,0.666,0.719,0.804,0.906,1.012,1.109,1.185,1.234,1.251
1383,1,1.018,1.031,0.91,0.85,0.833,0.865,0.94,1.046,1.168,1.295,1.416,1.524,1.612,1.677,1.718,1.731
1383.5,1,1.011,1.009,0.94,0.921,0.929,0.962,1.015,1.079,1.147,1.213,1.273,1.325,1.366,1.396,1.414,1.42
1384,1,1.007,1.003,0.962,0.953,0.962,0.985,1.019,1.059,1.101,1.141,1.177,1.207,1.232,1.249,1.26,1.263
1384.5,1,1.004,1.001,0.975,0.971,0.977,0.992,1.015,1.041,1.069,1.095,1.119,1.139,1.155,1.167,1.174,1.177
1385,1,1.003,1.001,0.985,0.981,0.985,0.995,1.009,1.026,1.044,1.062,1.078,1.093,1.104,1.113,1.118,1.119
1385.5,1,1.001,1.001,0.992,0.99,0.991,0.995,1.003,1.013,1.024,1.035,1.046,1.056,1.064,1.07,1.074,1.075
1386,1,1,1.001,0.999,0.997,0.995,0.995,0.996,0.999,1.004,1.01,1.016,1.022,1.028,1.032,1.035,1.036
1386.5,1,0.999,1.001,1.006,1.004,0.999,0.993,0.987,0.984,0.982,0.983,0.985,0.988,0.991,0.994,0.995,0.996
1387,1,0.998,1.002,1.015,1.012,1.002,0.989,0.976,0.964,0.956,0.95,0.948,0.947,0.948,0.949,0.95,0.951
1387.5,1,0.996,1.003,1.026,1.022,1.006,0.983,0.959,0.937,0.919,0.906,0.898,0.894,0.892,0.892,0.892,0.893
1388,1,0.993,1.006,1.044,1.035,1.008,0.969,0.928,0.89,0.86,0.838,0.823,0.814,0.81,0.809,0.809,0.809
1388.5,1,0.988,1.015,1.076,1.054,1,0.929,0.857,0.793,0.743,0.709,0.688,0.677,0.674,0.674,0.675,0.676
1389,1,0.983,1.056,1.125,1.035,0.895,0.745,0.617,0.527,0.48,0.471,0.489,0.525,0.567,0.604,0.629,0.638
1389.5,1,1.038,1.125,0.833,0.605,0.46,0.444,0.558,0.78,1.074,1.403,1.735,2.041,2.299,2.494,2.615,2.656
1390,1,1.026,1.013,0.855,0.823,0.856,0.945,1.074,1.223,1.374,1.516,1.641,1.745,1.826,1.884,1.919,1.93
1390.5,1,1.016,1.003,0.906,0.895,0.925,0.989,1.074,1.168,1.26,1.344,1.417,1.476,1.521,1.553,1.571,1.578
1391,1,1.012,1,0.929,0.923,0.949,1,1.065,1.135,1.203,1.264,1.317,1.359,1.391,1.413,1.426,1.431
1391.5,1,1.01,0.999,0.942,0.939,0.961,1.003,1.057,1.114,1.169,1.218,1.26,1.294,1.319,1.337,1.347,1.351
1392,1,1.008,0.999,0.95,0.948,0.968,1.005,1.051,1.1,1.147,1.189,1.224,1.252,1.274,1.288,1.297,1.3
1392.5,1,1.007,0.999,0.956,0.955,0.973,1.006,1.046,1.089,1.131,1.168,1.199,1.224,1.242,1.255,1.263,1.265
1393,1,1.007,0.999,0.96,0.96,0.976,1.006,1.043,1.082,1.119,1.152,1.18,1.202,1.219,1.23,1.237,1.24
1393.5,1,1.006,0.999,0.964,0.963,0.979,1.006,1.04,1.076,1.11,1.14,1.165,1.186,1.201,1.212,1.218,1.22
1394,1,1.006,0.999,0.966,0.966,0.981,1.006,1.038,1.071,1.102,1.13,1.154,1.173,1.187,1.196,1.202,1.204
1394.5,1,1.005,0.999,0.968,0.968,0.982,1.006,1.036,1.067,1.096,1.122,1.144,1.162,1.175,1.184,1.189,1.191
1395,1,1.005,0.999,0.97,0.97,0.983,1.006,1.034,1.063,1.091,1.116,1.136,1.153,1.165,1.174,1.179,1.18
1396,1,1.004,0.999,0.973,0.973,0.985,1.006,1.031,1.058,1.083,1.105,1.124,1.139,1.15,1.157,1.162,1.163
1397,1,1.004,0.999,0.975,0.976,0.987,1.006,1.029,1.054,1.077,1.097,1.114,1.128,1.138,1.145,1.149,1.15
1398,1,1.004,0.999,0.977,0.977,0.988,1.006,1.027,1.05,1.072,1.091,1.107,1.119,1.129,1.135,1.139,1.14
1399,1,1.004,0.999,0.978,0.979,0.989,1.005,1.026,1.048,1.068,1.086,1.1,1.112,1.121,1.127,1.131,1.132
1400.5,1,1.003,0.999,0.98,0.98,0.99,1.005,1.024,1.044,1.063,1.079,1.093,1.104,1.112,1.117,1.121,1.121
1402.5,1,1.003,0.999,0.981,0.982,0.99,1.005,1.023,1.041,1.058,1.073,1.085,1.095,1.102,1.107,1.11,1.111
1405,1,1.003,0.999,0.983,0.983,0.991,1.005,1.021,1.038,1.054,1.067,1.079,1.087,1.093,1.098,1.1,1.101
1407.5,1,1.003,0.999,0.984,0.984,0.992,1.004,1.02,1.036,1.051,1.063,1.073,1.081,1.087,1.09,1.092,1.093
1410.5,1,1.003,0.999,0.984,0.985,0.992,1.004,1.019,1.034,1.048,1.059,1.068,1.075,1.08,1.083,1.085,1.085
1413.5,1,1.003,1,0.985,0.985,0.992,1.004,1.018,1.033,1.046,1.056,1.064,1.07,1.074,1.077,1.078,1.079
1417,1,1.003,1,0.985,0.985,0.992,1.004,1.018,1.032,1.044,1.054,1.061,1.066,1.069,1.071,1.072,1.072
1420.5,1,1.003,1,0.985,0.985,0.992,1.003,1.017,1.031,1.042,1.051,1.058,1.061,1.064,1.065,1.065,1.065
1424,1,1.003,1,0.985,0.985,0.991,1.003,1.017,1.03,1.041,1.049,1.055,1.057,1.059,1.059,1.059,1.059
1427,1,1.003,1.001,0.985,0.984,0.991,1.003,1.017,1.03,1.041,1.048,1.052,1.054,1.054,1.054,1.053,1.053
1430.5,1,1.003,1.001,0.984,0.983,0.99,1.002,1.017,1.03,1.04,1.046,1.049,1.05,1.048,1.047,1.045,1.045
1433.5,1,1.004,1.002,0.983,0.981,0.989,1.002,1.017,1.03,1.04,1.045,1.046,1.045,1.042,1.039,1.037,1.036
1435.5,1,1.004,1.002,0.982,0.98,0.988,1.001,1.017,1.03,1.04,1.044,1.044,1.041,1.036,1.032,1.029,1.028
1437,1,1.004,1.003,0.981,0.979,0.987,1.001,1.017,1.03,1.039,1.042,1.041,1.036,1.03,1.025,1.021,1.019
1438,1,1.004,1.003,0.979,0.977,0.986,1.001,1.017,1.031,1.038,1.04,1.037,1.031,1.023,1.016,1.012,1.01
1439,1,1.005,1.003,0.977,0.975,0.984,1.001,1.017,1.03,1.036,1.036,1.03,1.02,1.01,1.001,0.995,0.993
1439.5,1,1.006,1.003,0.975,0.974,0.984,1.001,1.018,1.03,1.034,1.031,1.022,1.01,0.998,0.987,0.98,0.977
1440,1,1.006,1.002,0.973,0.973,0.985,1.002,1.018,1.027,1.028,1.022,1.009,0.994,0.979,0.967,0.958,0.956
1440.5,1,1.006,1,0.973,0.976,0.989,1.005,1.018,1.024,1.021,1.012,0.999,0.983,0.969,0.957,0.949,0.947
1441,1,1.005,0.999,0.978,0.981,0.992,1.006,1.017,1.023,1.023,1.018,1.01,1.001,0.992,0.985,0.98,0.978
1441.5,1,1.004,1,0.981,0.982,0.992,1.005,1.017,1.026,1.029,1.029,1.025,1.02,1.014,1.009,1.006,1.005
1445.5,1,1.005,1.004,0.977,0.975,0.984,1,1.018,1.032,1.039,1.04,1.034,1.025,1.015,1.006,1,0.998
1447,1,1.006,1.005,0.975,0.971,0.981,1,1.019,1.034,1.04,1.039,1.031,1.018,1.005,0.994,0.986,0.984
1448,1,1.006,1.006,0.973,0.969,0.98,0.999,1.02,1.035,1.041,1.038,1.028,1.013,0.998,0.984,0.975,0.972
1449,1,1.007,1.007,0.97,0.966,0.978,0.999,1.02,1.036,1.042,1.037,1.024,1.006,0.988,0.973,0.962,0.959
1450,1,1.008,1.008,0.967,0.962,0.975,0.998,1.022,1.038,1.042,1.035,1.019,0.998,0.977,0.958,0.946,0.942
1450.5,1,1.009,1.009,0.965,0.96,0.974,0.998,1.023,1.039,1.043,1.034,1.016,0.993,0.97,0.95,0.936,0.932
1451,1,1.009,1.01,0.963,0.958,0.972,0.998,1.024,1.04,1.043,1.033,1.013,0.988,0.962,0.94,0.926,0.92
1451.5,1,1.01,1.01,0.961,0.955,0.97,0.998,1.025,1.042,1.044,1.032,1.009,0.981,0.952,0.929,0.913,0.907
1452,1,1.011,1.011,0.958,0.952,0.969,0.998,1.026,1.044,1.045,1.03,1.004,0.973,0.942,0.915,0.898,0.892
1452.5,1,1.012,1.012,0.954,0.948,0.967,0.998,1.028,1.046,1.046,1.028,0.999,0.964,0.929,0.9,0.881,0.874
1453,1,1.013,1.013,0.95,0.944,0.964,0.999,1.031,1.048,1.046,1.026,0.992,0.952,0.913,0.881,0.86,0.853
1453.5,1,1.015,1.014,0.944,0.938,0.962,1,1.034,1.052,1.048,1.023,0.984,0.938,0.895,0.859,0.836,0.828
1454,1,1.017,1.016,0.937,0.932,0.959,1.002,1.039,1.056,1.049,1.019,0.973,0.921,0.871,0.831,0.805,0.796
1454.5,1,1.02,1.017,0.928,0.925,0.957,1.005,1.046,1.062,1.05,1.013,0.959,0.899,0.842,0.797,0.768,0.758
1455,1,1.023,1.018,0.917,0.916,0.956,1.012,1.056,1.071,1.052,1.004,0.94,0.869,0.804,0.753,0.721,0.71
1455.5,1,1.028,1.017,0.901,0.906,0.958,1.024,1.071,1.082,1.053,0.992,0.913,0.831,0.757,0.699,0.663,0.651
1456,1,1.034,1.013,0.88,0.898,0.968,1.046,1.096,1.098,1.053,0.973,0.877,0.781,0.699,0.637,0.6,0.588
1456.5,1,1.041,1.001,0.858,0.9,0.996,1.089,1.135,1.12,1.049,0.945,0.832,0.728,0.646,0.59,0.558,0.547
1457,1,1.045,0.973,0.849,0.935,1.062,1.16,1.186,1.138,1.036,0.913,0.799,0.713,0.66,0.635,0.626,0.625
1457.5,1,1.034,0.933,0.887,1.018,1.154,1.225,1.21,1.126,1.011,0.906,0.838,0.819,0.839,0.879,0.915,0.93
1458,1,1.013,0.914,0.959,1.093,1.195,1.221,1.172,1.082,0.994,0.942,0.945,1,1.089,1.183,1.253,1.279
1458.5,1,0.999,0.921,1.006,1.114,1.176,1.172,1.117,1.045,0.992,0.984,1.028,1.115,1.225,1.33,1.405,1.433
1459,1,0.993,0.935,1.025,1.106,1.143,1.128,1.078,1.025,0.998,1.011,1.068,1.158,1.262,1.359,1.426,1.45
1459.5,1,0.991,0.947,1.03,1.092,1.115,1.097,1.055,1.017,1.003,1.026,1.084,1.167,1.26,1.344,1.401,1.422
1460,1,0.991,0.956,1.03,1.079,1.094,1.076,1.042,1.013,1.008,1.034,1.089,1.164,1.246,1.318,1.368,1.386
1460.5,1,0.991,0.962,1.028,1.068,1.079,1.062,1.033,1.012,1.012,1.038,1.09,1.158,1.23,1.293,1.336,1.352
1461,1,0.992,0.968,1.026,1.059,1.067,1.052,1.028,1.012,1.014,1.041,1.089,1.15,1.214,1.271,1.309,1.322
1461.5,1,0.992,0.971,1.023,1.052,1.058,1.045,1.024,1.012,1.016,1.042,1.087,1.143,1.201,1.251,1.285,1.297
1462,1,0.993,0.975,1.021,1.046,1.051,1.039,1.022,1.012,1.018,1.043,1.085,1.136,1.189,1.235,1.265,1.276
1462.5,1,0.993,0.977,1.019,1.041,1.046,1.035,1.02,1.013,1.02,1.044,1.083,1.13,1.179,1.22,1.248,1.258
1463,1,0.994,0.979,1.017,1.037,1.041,1.032,1.019,1.013,1.021,1.044,1.081,1.125,1.17,1.208,1.234,1.243
1463.5,1,0.994,0.981,1.016,1.034,1.037,1.029,1.018,1.014,1.022,1.044,1.079,1.12,1.162,1.198,1.221,1.23
1464.5,1,0.995,0.983,1.013,1.028,1.031,1.025,1.016,1.014,1.023,1.044,1.076,1.112,1.149,1.18,1.201,1.208
1465.5,1,0.996,0.985,1.01,1.024,1.027,1.022,1.016,1.015,1.024,1.044,1.073,1.106,1.139,1.166,1.184,1.191
1466.5,1,0.996,0.987,1.009,1.02,1.023,1.02,1.015,1.016,1.025,1.044,1.07,1.101,1.13,1.155,1.171,1.177
1467.5,1,0.997,0.988,1.007,1.018,1.02,1.018,1.015,1.016,1.026,1.044,1.068,1.096,1.123,1.146,1.161,1.166
1469,1,0.997,0.99,1.005,1.014,1.017,1.016,1.014,1.017,1.027,1.043,1.066,1.09,1.114,1.134,1.147,1.152
1470.5,1,0.998,0.991,1.004,1.012,1.015,1.014,1.014,1.018,1.027,1.043,1.063,1.086,1.107,1.125,1.137,1.141
1472.5,1,0.998,0.992,1.002,1.009,1.012,1.013,1.014,1.018,1.028,1.042,1.06,1.08,1.099,1.115,1.125,1.129
1474.5,1,0.999,0.993,1.001,1.007,1.01,1.012,1.014,1.018,1.028,1.041,1.058,1.076,1.093,1.107,1.116,1.119
1476.5,1,0.999,0.994,1,1.005,1.009,1.011,1.013,1.019,1.028,1.04,1.056,1.072,1.087,1.1,1.108,1.111
1479,1,0.999,0.994,0.999,1.004,1.007,1.01,1.013,1.019,1.028,1.039,1.053,1.067,1.081,1.092,1.099,1.101
1481.5,1,0.999,0.995,0.998,1.002,1.006,1.009,1.013,1.019,1.027,1.038,1.05,1.063,1.075,1.084,1.091,1.093
1484,1,1,0.996,0.998,1.001,1.005,1.008,1.012,1.018,1.026,1.036,1.047,1.058,1.069,1.077,1.082,1.084
1486.5,1,1,0.996,0.997,1,1.004,1.008,1.012,1.018,1.025,1.034,1.044,1.053,1.062,1.069,1.074,1.075
1489,1,1,0.997,0.997,1,1.003,1.007,1.011,1.017,1.023,1.031,1.039,1.047,1.055,1.061,1.065,1.066
1491,1,1,0.997,0.997,0.999,1.003,1.006,1.01,1.015,1.021,1.028,1.035,1.042,1.048,1.053,1.056,1.057
1493,1,1,0.998,0.997,0.999,1.002,1.005,1.009,1.013,1.018,1.024,1.029,1.034,1.039,1.043,1.046,1.046
1494.5,1,1,0.998,0.998,0.999,1.002,1.005,1.008,1.011,1.015,1.019,1.023,1.027,1.031,1.034,1.036,1.037
1495.5,1,1,0.998,0.998,1,1.002,1.004,1.007,1.009,1.012,1.015,1.018,1.021,1.024,1.027,1.028,1.029
1496.5,1,1,0.999,0.999,1,1.002,1.003,1.005,1.007,1.008,1.01,1.012,1.014,1.016,1.018,1.018,1.019
1497.5,1,1,0.999,1,1.001,1.002,1.002,1.003,1.003,1.003,1.003,1.004,1.004,1.005,1.006,1.006,1.007
1498.5,1,1,1,1.002,1.003,1.002,1.001,1,0.998,0.996,0.994,0.992,0.991,0.991,0.991,0.991,0.991
1499,1,1,1,1.003,1.004,1.002,1,0.997,0.994,0.99,0.987,0.985,0.983,0.982,0.981,0.98,0.98
1499.5,1,0.999,1,1.005,1.005,1.003,0.999,0.994,0.989,0.984,0.979,0.975,0.972,0.97,0.969,0.968,0.968
1500,1,0.999,1.001,1.008,1.007,1.003,0.997,0.99,0.983,0.976,0.969,0.963,0.959,0.956,0.953,0.952,0.952
1500.5,1,0.999,1.002,1.011,1.009,1.004,0.995,0.985,0.974,0.964,0.955,0.947,0.941,0.936,0.933,0.932,0.931
1501,1,0.998,1.003,1.015,1.013,1.004,0.991,0.977,0.962,0.947,0.935,0.924,0.916,0.91,0.906,0.904,0.903
1501.5,1,0.997,1.005,1.022,1.018,1.004,0.985,0.963,0.942,0.921,0.904,0.89,0.879,0.872,0.867,0.864,0.863
1502,1,0.995,1.008,1.034,1.026,1.003,0.972,0.938,0.906,0.877,0.853,0.834,0.82,0.81,0.804,0.801,0.8
1502.5,1,0.993,1.017,1.057,1.036,0.992,0.936,0.879,0.827,0.783,0.75,0.727,0.712,0.703,0.698,0.696,0.696
1503,1,0.993,1.057,1.087,1.003,0.886,0.766,0.667,0.6,0.565,0.56,0.576,0.605,0.638,0.667,0.688,0.695
1503.5,1,1.036,1.054,0.833,0.728,0.697,0.751,0.88,1.062,1.273,1.492,1.703,1.89,2.045,2.159,2.23,2.254
1504,1,1.02,1.005,0.892,0.875,0.903,0.972,1.066,1.171,1.276,1.372,1.457,1.526,1.579,1.617,1.639,1.647
1504.5,1,1.013,0.999,0.927,0.922,0.949,1,1.065,1.133,1.199,1.256,1.304,1.341,1.368,1.387,1.398,1.402
1505,1,1.01,0.999,0.943,0.941,0.964,1.006,1.057,1.11,1.158,1.199,1.231,1.256,1.273,1.285,1.291,1.293
1505.5,1,1.009,0.999,0.951,0.951,0.972,1.008,1.051,1.095,1.133,1.165,1.19,1.208,1.22,1.227,1.232,1.233
1506,1,1.008,0.999,0.956,0.957,0.976,1.008,1.047,1.085,1.118,1.144,1.163,1.177,1.185,1.191,1.193,1.194
1506.5,1,1.007,0.999,0.96,0.96,0.978,1.008,1.044,1.078,1.107,1.129,1.145,1.155,1.161,1.164,1.166,1.166
1507,1,1.007,0.999,0.962,0.963,0.98,1.008,1.041,1.072,1.099,1.118,1.131,1.139,1.143,1.144,1.145,1.145
1507.5,1,1.007,1,0.964,0.964,0.981,1.008,1.039,1.069,1.092,1.109,1.12,1.126,1.128,1.129,1.128,1.128
1508,1,1.007,1,0.965,0.965,0.982,1.008,1.038,1.066,1.087,1.103,1.111,1.115,1.116,1.115,1.114,1.114
1508.5,1,1.007,1,0.966,0.966,0.982,1.008,1.037,1.063,1.083,1.097,1.104,1.106,1.105,1.103,1.102,1.101
1509,1,1.007,1,0.966,0.966,0.982,1.008,1.036,1.061,1.08,1.092,1.097,1.098,1.096,1.093,1.091,1.09
1510,1,1.007,1.001,0.966,0.966,0.982,1.007,1.035,1.059,1.076,1.085,1.087,1.084,1.079,1.074,1.071,1.069
1511,1,1.007,1.002,0.965,0.965,0.981,1.007,1.035,1.058,1.073,1.079,1.077,1.071,1.064,1.056,1.051,1.049
1511.5,1,1.008,1.002,0.964,0.964,0.981,1.007,1.035,1.058,1.071,1.076,1.073,1.065,1.056,1.047,1.041,1.039
1512,1,1.008,1.002,0.963,0.963,0.98,1.008,1.036,1.058,1.07,1.073,1.069,1.059,1.048,1.038,1.031,1.029
1512.5,1,1.009,1.003,0.962,0.962,0.98,1.008,1.036,1.058,1.07,1.071,1.064,1.052,1.039,1.028,1.02,1.017
1513,1,1.009,1.003,0.96,0.96,0.979,1.008,1.037,1.059,1.069,1.069,1.059,1.046,1.03,1.017,1.008,1.005
1513.5,1,1.01,1.004,0.958,0.959,0.979,1.009,1.038,1.06,1.069,1.066,1.054,1.038,1.02,1.006,0.996,0.992
1514,1,1.01,1.004,0.956,0.957,0.978,1.01,1.04,1.061,1.069,1.063,1.049,1.03,1.01,0.993,0.981,0.978
1514.5,1,1.011,1.004,0.953,0.954,0.977,1.011,1.042,1.063,1.069,1.061,1.043,1.02,0.997,0.978,0.966,0.961
1515,1,1.012,1.004,0.95,0.952,0.977,1.013,1.045,1.065,1.069,1.058,1.036,1.01,0.983,0.962,0.947,0.943
1515.5,1,1.014,1.005,0.946,0.949,0.977,1.015,1.049,1.068,1.069,1.054,1.028,0.997,0.967,0.943,0.927,0.921
1516,1,1.015,1.004,0.941,0.946,0.977,1.019,1.054,1.072,1.07,1.05,1.019,0.983,0.949,0.921,0.903,0.897
1516.5,1,1.017,1.004,0.935,0.943,0.979,1.024,1.061,1.077,1.071,1.045,1.007,0.966,0.927,0.896,0.876,0.87
1517,1,1.019,1.002,0.928,0.94,0.983,1.033,1.07,1.084,1.071,1.038,0.994,0.946,0.902,0.868,0.847,0.84
1517.5,1,1.021,0.999,0.92,0.939,0.99,1.045,1.083,1.092,1.072,1.03,0.977,0.923,0.875,0.839,0.817,0.809
1518,1,1.023,0.994,0.913,0.942,1.003,1.064,1.1,1.102,1.072,1.02,0.96,0.9,0.851,0.814,0.793,0.785
1519,1,1.023,0.972,0.912,0.974,1.056,1.118,1.14,1.118,1.066,1,0.938,0.888,0.856,0.837,0.829,0.827
1519.5,1,1.018,0.958,0.928,1.005,1.089,1.142,1.149,1.115,1.058,0.998,0.952,0.925,0.916,0.92,0.927,0.93
1520,1,1.011,0.948,0.954,1.036,1.112,1.149,1.14,1.1,1.049,1.006,0.984,0.987,1.007,1.034,1.056,1.065
1520.5,1,1.004,0.946,0.978,1.056,1.117,1.138,1.12,1.081,1.042,1.019,1.022,1.049,1.092,1.136,1.169,1.181
1521,1,0.999,0.949,0.996,1.064,1.109,1.119,1.097,1.064,1.038,1.032,1.053,1.095,1.149,1.201,1.239,1.252
1521.5,1,0.996,0.955,1.006,1.063,1.097,1.099,1.078,1.052,1.036,1.042,1.073,1.123,1.18,1.234,1.272,1.286
1524,1,0.994,0.974,1.012,1.039,1.051,1.047,1.037,1.032,1.038,1.061,1.098,1.143,1.191,1.231,1.259,1.269
1525,1,0.995,0.978,1.01,1.032,1.041,1.039,1.032,1.03,1.04,1.062,1.097,1.139,1.181,1.217,1.241,1.25
1526,1,0.995,0.981,1.008,1.027,1.035,1.033,1.029,1.029,1.04,1.063,1.096,1.134,1.172,1.204,1.226,1.234
1527,1,0.996,0.983,1.007,1.023,1.03,1.029,1.026,1.029,1.041,1.063,1.094,1.129,1.164,1.194,1.213,1.22
1528,1,0.996,0.985,1.005,1.019,1.026,1.026,1.025,1.029,1.042,1.063,1.092,1.125,1.157,1.184,1.202,1.208
1529.5,1,0.997,0.987,1.003,1.015,1.021,1.023,1.024,1.029,1.042,1.063,1.09,1.12,1.149,1.173,1.188,1.194
1531,1,0.997,0.988,1.002,1.012,1.018,1.02,1.023,1.03,1.043,1.063,1.088,1.115,1.141,1.163,1.177,1.182
1532.5,1,0.998,0.989,1,1.01,1.016,1.019,1.022,1.03,1.043,1.062,1.086,1.111,1.135,1.155,1.168,1.173
1534.5,1,0.998,0.99,0.999,1.007,1.013,1.017,1.022,1.03,1.043,1.062,1.084,1.107,1.129,1.147,1.158,1.162
1537,1,0.999,0.992,0.998,1.005,1.011,1.015,1.021,1.03,1.044,1.061,1.081,1.102,1.122,1.138,1.148,1.152
1539.5,1,0.999,0.992,0.996,1.003,1.009,1.014,1.021,1.031,1.044,1.06,1.079,1.098,1.116,1.13,1.139,1.143
1542.5,1,0.999,0.993,0.995,1.001,1.007,1.013,1.021,1.031,1.044,1.06,1.077,1.094,1.11,1.123,1.131,1.133
1545.5,1,1,0.994,0.994,0.999,1.005,1.012,1.021,1.032,1.044,1.059,1.075,1.091,1.105,1.115,1.123,1.125
1548,1,1,0.995,0.993,0.997,1.004,1.012,1.021,1.032,1.045,1.059,1.073,1.088,1.1,1.11,1.116,1.119
1551,1,1,0.995,0.991,0.995,1.002,1.011,1.021,1.032,1.045,1.058,1.072,1.084,1.095,1.103,1.109,1.111
1554,1,1.001,0.996,0.99,0.994,1.001,1.01,1.021,1.033,1.045,1.058,1.07,1.08,1.089,1.096,1.101,1.102
1557,1,1.001,0.997,0.988,0.991,0.999,1.009,1.021,1.034,1.046,1.057,1.067,1.076,1.083,1.089,1.092,1.093
1559.5,1,1.002,0.997,0.987,0.989,0.997,1.009,1.022,1.034,1.046,1.056,1.065,1.072,1.077,1.081,1.084,1.085
1562,1,1.002,0.998,0.985,0.987,0.995,1.008,1.022,1.035,1.047,1.056,1.063,1.067,1.071,1.073,1.074,1.074
1564,1,1.003,0.999,0.983,0.984,0.993,1.007,1.022,1.036,1.047,1.055,1.06,1.063,1.065,1.066,1.066,1.066
1566,1,0.985,0.97,0.997,0.961,0.912,0.898,0.94,1.024,1.117,1.186,1.217,1.216,1.2,1.183,1.173,1.169
1566.5,1,1.004,1,0.98,0.98,0.991,1.008,1.027,1.043,1.052,1.055,1.052,1.046,1.039,1.032,1.027,1.025
1569,1,1.006,1.002,0.975,0.974,0.987,1.006,1.026,1.042,1.051,1.052,1.048,1.039,1.03,1.022,1.016,1.014
1570,1,1.006,1.002,0.972,0.971,0.984,1.005,1.027,1.043,1.051,1.051,1.044,1.033,1.021,1.01,1.003,1
1571,1,1.007,1.003,0.968,0.967,0.982,1.005,1.028,1.045,1.052,1.049,1.039,1.024,1.008,0.995,0.986,0.983
1571.5,1,1.008,1.004,0.966,0.965,0.98,1.005,1.029,1.046,1.053,1.048,1.036,1.019,1.001,0.986,0.976,0.973
1572,1,1.009,1.004,0.964,0.962,0.979,1.005,1.03,1.048,1.053,1.047,1.032,1.013,0.993,0.976,0.964,0.96
1572.5,1,1.01,1.005,0.961,0.959,0.977,1.005,1.032,1.049,1.054,1.046,1.028,1.006,0.983,0.963,0.951,0.946
1573,1,1.011,1.006,0.957,0.956,0.975,1.005,1.034,1.051,1.055,1.044,1.023,0.997,0.971,0.949,0.935,0.93
1573.5,1,1.012,1.006,0.953,0.952,0.973,1.006,1.036,1.054,1.056,1.042,1.017,0.987,0.957,0.932,0.916,0.911
1574,1,1.013,1.007,0.948,0.947,0.971,1.007,1.039,1.057,1.057,1.039,1.01,0.975,0.941,0.912,0.894,0.888
1574.5,1,1.015,1.008,0.942,0.942,0.969,1.008,1.043,1.061,1.058,1.036,1.001,0.96,0.92,0.888,0.867,0.86
1575,1,1.017,1.008,0.934,0.935,0.967,1.011,1.048,1.066,1.059,1.031,0.989,0.941,0.895,0.858,0.834,0.826
1575.5,1,1.02,1.009,0.924,0.928,0.966,1.016,1.056,1.073,1.061,1.025,0.973,0.916,0.863,0.821,0.794,0.784
1576,1,1.024,1.008,0.912,0.92,0.966,1.024,1.069,1.082,1.063,1.016,0.952,0.884,0.822,0.774,0.744,0.733
1576.5,1,1.029,1.005,0.895,0.912,0.971,1.04,1.087,1.096,1.064,1.002,0.923,0.843,0.772,0.717,0.684,0.673
1577,1,1.034,0.998,0.875,0.908,0.987,1.069,1.117,1.114,1.064,0.981,0.884,0.791,0.713,0.656,0.623,0.611
1577.5,1,1.039,0.98,0.858,0.921,1.028,1.121,1.161,1.137,1.058,0.95,0.838,0.741,0.668,0.621,0.596,0.588
1578,1,1.036,0.947,0.865,0.974,1.107,1.197,1.21,1.148,1.037,0.914,0.809,0.738,0.703,0.695,0.698,0.7
1578.5,1,1.018,0.914,0.928,1.069,1.194,1.243,1.205,1.103,0.98,0.877,0.821,0.819,0.858,0.914,0.962,0.981
1579,1,1.003,0.902,0.963,1.097,1.199,1.23,1.194,1.126,1.065,1.043,1.077,1.161,1.274,1.387,1.47,1.5
1579.5,1,0.989,0.914,1.02,1.128,1.189,1.185,1.134,1.069,1.027,1.031,1.087,1.187,1.308,1.422,1.504,1.533
1580.5,1,0.984,0.943,1.041,1.105,1.128,1.109,1.068,1.032,1.023,1.052,1.118,1.212,1.314,1.406,1.469,1.492
1581,1,0.985,0.952,1.04,1.091,1.107,1.088,1.053,1.026,1.025,1.057,1.12,1.206,1.297,1.378,1.433,1.453
1581.5,1,0.986,0.959,1.037,1.08,1.091,1.073,1.044,1.024,1.027,1.059,1.12,1.198,1.28,1.352,1.401,1.418
1582,1,0.987,0.964,1.034,1.071,1.079,1.063,1.038,1.022,1.028,1.061,1.118,1.189,1.264,1.329,1.372,1.388
1582.5,1,0.988,0.968,1.031,1.063,1.07,1.055,1.034,1.022,1.03,1.062,1.115,1.181,1.25,1.309,1.348,1.362
1583,1,0.989,0.971,1.029,1.057,1.062,1.049,1.031,1.022,1.031,1.063,1.113,1.175,1.238,1.292,1.328,1.341
1583.5,1,0.99,0.973,1.026,1.052,1.056,1.045,1.029,1.022,1.032,1.063,1.111,1.168,1.227,1.277,1.311,1.323
1584,1,0.99,0.975,1.024,1.047,1.052,1.041,1.027,1.022,1.033,1.063,1.108,1.163,1.218,1.264,1.296,1.307
1584.5,1,0.991,0.977,1.022,1.044,1.047,1.038,1.026,1.022,1.034,1.063,1.107,1.158,1.21,1.254,1.283,1.293
1585.5,1,0.992,0.98,1.019,1.038,1.041,1.033,1.024,1.023,1.036,1.063,1.103,1.15,1.196,1.236,1.262,1.271
1586.5,1,0.993,0.982,1.016,1.033,1.036,1.03,1.023,1.024,1.036,1.063,1.1,1.143,1.186,1.222,1.245,1.254
1587.5,1,0.993,0.983,1.014,1.029,1.033,1.028,1.022,1.024,1.037,1.063,1.098,1.138,1.177,1.21,1.232,1.24
1588.5,1,0.994,0.984,1.013,1.026,1.03,1.026,1.022,1.025,1.038,1.062,1.095,1.133,1.17,1.201,1.221,1.228
1590,1,0.995,0.986,1.01,1.023,1.026,1.024,1.022,1.025,1.039,1.062,1.093,1.128,1.161,1.189,1.208,1.214
1591.5,1,0.995,0.987,1.009,1.02,1.024,1.022,1.021,1.026,1.039,1.062,1.091,1.123,1.154,1.18,1.197,1.203
1593.5,1,0.996,0.988,1.007,1.017,1.021,1.02,1.021,1.026,1.04,1.061,1.088,1.118,1.147,1.17,1.186,1.191
1596,1,0.996,0.989,1.005,1.014,1.018,1.019,1.021,1.027,1.04,1.061,1.086,1.113,1.139,1.161,1.175,1.18
1598.5,1,0.997,0.99,1.004,1.012,1.016,1.018,1.02,1.028,1.041,1.06,1.084,1.109,1.134,1.153,1.167,1.171
1601.5,1,0.997,0.991,1.002,1.01,1.014,1.017,1.02,1.028,1.041,1.06,1.082,1.106,1.128,1.146,1.158,1.162
1604.5,1,0.997,0.991,1.001,1.008,1.013,1.016,1.02,1.028,1.041,1.059,1.08,1.102,1.123,1.14,1.151,1.155
1608,1,0.998,0.992,1,1.007,1.012,1.015,1.02,1.029,1.041,1.058,1.078,1.099,1.118,1.134,1.144,1.148
1612,1,0.998,0.992,0.999,1.006,1.01,1.015,1.02,1.029,1.041,1.058,1.076,1.095,1.113,1.128,1.137,1.14
1616,1,0.998,0.993,0.999,1.004,1.009,1.014,1.02,1.029,1.041,1.056,1.074,1.092,1.109,1.122,1.131,1.134
1619,1,0.999,0.993,0.998,1.004,1.009,1.014,1.02,1.028,1.04,1.056,1.072,1.089,1.105,1.118,1.126,1.129
1623.5,1,0.999,0.994,0.997,1.003,1.008,1.013,1.019,1.028,1.04,1.054,1.069,1.085,1.099,1.111,1.118,1.121
1627.5,1,0.999,0.994,0.997,1.002,1.007,1.012,1.019,1.028,1.039,1.052,1.066,1.081,1.094,1.105,1.111,1.114
1630.5,1,0.999,0.994,0.997,1.001,1.006,1.012,1.018,1.027,1.038,1.05,1.064,1.077,1.089,1.099,1.106,1.108
1634,1,0.999,0.995,0.996,1.001,1.006,1.011,1.017,1.026,1.036,1.048,1.06,1.072,1.083,1.092,1.098,1.1
1636.5,1,0.999,0.995,0.996,1,1.005,1.01,1.017,1.025,1.034,1.045,1.056,1.068,1.078,1.086,1.091,1.093
1639,1,1,0.996,0.996,0.999,1.004,1.009,1.016,1.024,1.032,1.042,1.052,1.062,1.071,1.078,1.083,1.084
1641.5,1,1,0.996,0.995,0.998,1.003,1.008,1.015,1.022,1.03,1.038,1.047,1.055,1.062,1.067,1.071,1.072
1643,1,1,0.997,0.994,0.997,1.001,1.007,1.014,1.021,1.029,1.036,1.042,1.048,1.054,1.058,1.06,1.061
1644,1,1.001,0.998,0.993,0.995,1,1.006,1.014,1.021,1.028,1.033,1.038,1.042,1.046,1.048,1.05,1.05
1645,1,1.002,0.999,0.99,0.992,0.997,1.005,1.014,1.021,1.027,1.03,1.032,1.033,1.032,1.032,1.032,1.032
1645.5,1,1.002,1,0.988,0.989,0.995,1.004,1.014,1.022,1.027,1.028,1.027,1.024,1.021,1.018,1.016,1.015
1646,1,1.004,1.001,0.983,0.983,0.991,1.003,1.015,1.024,1.027,1.025,1.019,1.01,1.001,0.993,0.988,0.986
1646.5,1,1.008,1.003,0.971,0.971,0.984,1.003,1.021,1.03,1.029,1.017,0.998,0.975,0.953,0.934,0.922,0.918
1647,1,1.021,0.995,0.919,0.941,0.992,1.043,1.072,1.066,1.026,0.959,0.878,0.795,0.721,0.664,0.628,0.615
1647.5,1,0.987,0.964,1.033,1.073,1.085,1.068,1.036,1.006,0.991,0.998,1.027,1.072,1.123,1.17,1.202,1.214
1648,1,0.993,0.985,1.021,1.035,1.035,1.025,1.012,1.004,1.007,1.022,1.047,1.078,1.11,1.138,1.157,1.164
1648.5,1,0.995,0.99,1.014,1.024,1.023,1.016,1.008,1.005,1.01,1.022,1.042,1.066,1.09,1.111,1.124,1.129
1649,1,0.996,0.992,1.011,1.018,1.018,1.013,1.007,1.005,1.01,1.021,1.038,1.058,1.078,1.094,1.106,1.109
1649.5,1,0.996,0.993,1.01,1.016,1.015,1.011,1.006,1.005,1.009,1.019,1.034,1.051,1.069,1.083,1.093,1.097
1650.5,1,0.997,0.995,1.008,1.013,1.012,1.008,1.004,1.003,1.007,1.015,1.027,1.041,1.056,1.068,1.076,1.079
1651.5,1,0.997,0.995,1.008,1.012,1.011,1.006,1.002,1,1.003,1.01,1.02,1.032,1.045,1.055,1.062,1.065
1652.5,1,0.997,0.996,1.008,1.011,1.01,1.005,1,0.997,0.998,1.004,1.012,1.023,1.034,1.044,1.05,1.052
1653.5,1,0.998,0.997,1.009,1.012,1.009,1.003,0.996,0.992,0.992,0.996,1.003,1.013,1.023,1.032,1.038,1.04
1654.5,1,0.997,0.998,1.011,1.012,1.008,1,0.992,0.986,0.984,0.987,0.993,1.001,1.01,1.018,1.024,1.026
1655.5,1,0.997,0.999,1.013,1.014,1.008,0.998,0.987,0.978,0.974,0.975,0.979,0.987,0.995,1.002,1.007,1.009
1656.5,1,0.997,1,1.016,1.015,1.007,0.994,0.979,0.968,0.961,0.959,0.962,0.968,0.976,0.983,0.988,0.989
1657,1,0.997,1.001,1.018,1.016,1.006,0.991,0.975,0.961,0.953,0.95,0.952,0.957,0.964,0.971,0.976,0.978
1657.5,1,0.997,1.002,1.02,1.018,1.006,0.988,0.969,0.953,0.943,0.938,0.939,0.944,0.951,0.958,0.963,0.964
1658,1,0.997,1.003,1.023,1.019,1.004,0.984,0.962,0.943,0.93,0.924,0.925,0.929,0.936,0.942,0.947,0.949
1658.5,1,0.996,1.004,1.026,1.021,1.003,0.978,0.953,0.931,0.915,0.908,0.907,0.911,0.918,0.924,0.929,0.931
1659,1,0.996,1.006,1.03,1.022,1.001,0.971,0.941,0.915,0.897,0.887,0.886,0.89,0.896,0.903,0.909,0.911
1659.5,1,0.996,1.009,1.035,1.024,0.997,0.961,0.925,0.894,0.873,0.862,0.86,0.864,0.871,0.879,0.885,0.887
1660,1,0.996,1.012,1.041,1.025,0.99,0.946,0.903,0.867,0.842,0.83,0.827,0.833,0.842,0.851,0.858,0.861
1660.5,1,0.995,1.018,1.047,1.023,0.978,0.923,0.871,0.829,0.801,0.788,0.789,0.798,0.811,0.824,0.833,0.836
1661,1,0.996,1.027,1.054,1.016,0.955,0.885,0.822,0.775,0.748,0.74,0.748,0.766,0.788,0.809,0.823,0.828
1661.5,1,0.999,1.042,1.052,0.991,0.906,0.82,0.75,0.706,0.691,0.702,0.733,0.775,0.818,0.856,0.881,0.89
1662,1,1.009,1.061,1.02,0.922,0.814,0.723,0.67,0.661,0.694,0.762,0.851,0.948,1.04,1.114,1.162,1.178
1662.5,1,1.025,1.064,0.931,0.815,0.723,0.681,0.7,0.78,0.909,1.071,1.247,1.42,1.574,1.693,1.769,1.795
1663,1,1.03,1.034,0.868,0.789,0.757,0.784,0.871,1.008,1.182,1.377,1.575,1.761,1.921,2.043,2.12,2.146
1663.5,1,1.025,1.008,0.872,0.832,0.836,0.886,0.98,1.11,1.266,1.437,1.609,1.769,1.906,2.011,2.076,2.098
1664.5,1,1.001,0.978,0.93,0.899,0.888,0.927,1.028,1.184,1.372,1.562,1.73,1.863,1.958,2.017,2.048,2.057
1665,1,1.006,0.997,0.928,0.915,0.942,1.011,1.106,1.208,1.296,1.358,1.393,1.403,1.397,1.385,1.374,1.37
1665.5,1,1.008,0.996,0.934,0.929,0.958,1.016,1.092,1.171,1.241,1.294,1.328,1.346,1.353,1.354,1.352,1.352
1666,1,1.007,0.994,0.941,0.939,0.966,1.018,1.084,1.152,1.212,1.26,1.293,1.313,1.324,1.329,1.331,1.331
1666.5,1,1.007,0.994,0.946,0.946,0.972,1.019,1.078,1.138,1.192,1.236,1.267,1.288,1.3,1.306,1.309,1.31
1667,1,1.006,0.994,0.95,0.952,0.976,1.019,1.073,1.128,1.177,1.217,1.246,1.266,1.278,1.285,1.289,1.29
1667.5,1,1.006,0.993,0.954,0.956,0.979,1.02,1.069,1.12,1.165,1.202,1.23,1.248,1.26,1.267,1.271,1.272
1668,1,1.005,0.993,0.957,0.959,0.982,1.02,1.066,1.113,1.155,1.19,1.216,1.234,1.245,1.252,1.255,1.256
1668.5,1,1.005,0.993,0.959,0.962,0.984,1.02,1.063,1.107,1.147,1.18,1.204,1.221,1.232,1.238,1.242,1.243
1669.5,1,1.004,0.994,0.963,0.966,0.986,1.019,1.058,1.098,1.134,1.163,1.184,1.2,1.21,1.216,1.219,1.22
1670.5,1,1.004,0.994,0.966,0.969,0.988,1.018,1.055,1.091,1.123,1.15,1.169,1.183,1.192,1.198,1.2,1.201
1671.5,1,1.004,0.994,0.968,0.972,0.99,1.018,1.052,1.085,1.115,1.139,1.157,1.169,1.177,1.182,1.185,1.186
1672.5,1,1.004,0.994,0.97,0.974,0.991,1.017,1.049,1.08,1.108,1.13,1.146,1.157,1.165,1.169,1.171,1.172
1673.5,1,1.004,0.995,0.972,0.975,0.991,1.017,1.046,1.076,1.101,1.122,1.137,1.147,1.153,1.157,1.159,1.159
1674.5,1,1.003,0.995,0.973,0.977,0.992,1.016,1.044,1.071,1.095,1.114,1.127,1.136,1.142,1.145,1.146,1.147
1675.5,1,1.003,0.995,0.975,0.978,0.992,1.015,1.041,1.067,1.089,1.106,1.118,1.125,1.13,1.132,1.133,1.134
1676.5,1,1.003,0.996,0.977,0.98,0.993,1.014,1.038,1.062,1.081,1.096,1.107,1.113,1.116,1.118,1.118,1.119
1677,1,1.003,0.996,0.978,0.981,0.993,1.013,1.036,1.058,1.077,1.09,1.099,1.105,1.107,1.109,1.109,1.109
1677.5,1,1.003,0.997,0.98,0.982,0.994,1.012,1.033,1.054,1.07,1.083,1.09,1.095,1.096,1.097,1.097,1.097
1678,1,1.002,0.997,0.982,0.984,0.994,1.01,1.029,1.047,1.061,1.071,1.078,1.08,1.081,1.081,1.081,1.081
1678.5,1,1.002,0.998,0.986,0.987,0.995,1.007,1.022,1.036,1.047,1.054,1.057,1.058,1.057,1.056,1.055,1.055
1679,1,1.001,1.001,0.994,0.993,0.995,1,1.006,1.012,1.015,1.016,1.015,1.012,1.009,1.006,1.004,1.004
1679.5,1,0.999,1.013,1.022,1.005,0.981,0.955,0.931,0.91,0.893,0.88,0.87,0.863,0.858,0.855,0.854,0.854
1680,1,1.019,0.997,0.885,0.871,0.904,0.978,1.079,1.193,1.308,1.414,1.508,1.585,1.646,1.689,1.715,1.724
1680.5,1,1.008,0.992,0.945,0.949,0.976,1.02,1.073,1.126,1.175,1.216,1.247,1.271,1.287,1.298,1.304,1.306
1681,1,1.006,0.993,0.956,0.961,0.984,1.02,1.062,1.104,1.141,1.17,1.192,1.207,1.217,1.223,1.226,1.227
1681.2,1,1.006,0.994,0.959,0.963,0.985,1.019,1.059,1.099,1.133,1.16,1.18,1.194,1.203,1.208,1.21,1.211
1681.5,1,1.006,0.994,0.961,0.965,0.986,1.019,1.056,1.093,1.125,1.15,1.168,1.18,1.187,1.191,1.193,1.194
1681.8,1,1.005,0.994,0.963,0.967,0.987,1.018,1.054,1.089,1.119,1.142,1.159,1.169,1.176,1.179,1.181,1.181
1682.2,1,1.005,0.995,0.965,0.969,0.988,1.018,1.052,1.085,1.113,1.135,1.15,1.159,1.165,1.167,1.168,1.169
1682.8,1,1.005,0.995,0.966,0.97,0.988,1.017,1.05,1.081,1.107,1.127,1.14,1.148,1.153,1.154,1.155,1.155
1685.8,1,1.005,0.996,0.969,0.973,0.989,1.015,1.044,1.071,1.092,1.107,1.116,1.12,1.12,1.12,1.119,1.119
1688.7,1,1.005,0.997,0.97,0.973,0.989,1.013,1.041,1.065,1.084,1.096,1.102,1.102,1.1,1.098,1.096,1.095
1691.2,1,1.005,0.998,0.97,0.973,0.988,1.012,1.038,1.062,1.079,1.088,1.09,1.088,1.084,1.08,1.076,1.075
1692.2,1,1.005,0.998,0.971,0.972,0.988,1.011,1.037,1.06,1.076,1.084,1.086,1.083,1.077,1.072,1.068,1.067
1693.7,1,1.005,0.998,0.971,0.972,0.987,1.01,1.036,1.057,1.072,1.078,1.078,1.073,1.066,1.059,1.055,1.053
1695,1,1.006,0.999,0.971,0.972,0.986,1.009,1.034,1.055,1.068,1.073,1.07,1.064,1.055,1.047,1.042,1.04
1696.1,1,1.006,0.999,0.971,0.972,0.986,1.008,1.032,1.052,1.064,1.067,1.063,1.054,1.045,1.036,1.03,1.028
1697,1,1.006,1,0.971,0.972,0.986,1.007,1.031,1.049,1.06,1.061,1.056,1.046,1.035,1.025,1.018,1.016
1697.8,1,1.006,1,0.972,0.972,0.985,1.006,1.029,1.046,1.056,1.056,1.049,1.037,1.025,1.014,1.007,1.004
1698.5,1,1.006,1.001,0.972,0.972,0.985,1.005,1.027,1.043,1.051,1.05,1.041,1.028,1.015,1.003,0.996,0.993
1699.1,1,1.006,1.001,0.973,0.972,0.984,1.004,1.025,1.04,1.046,1.044,1.034,1.02,1.005,0.993,0.985,0.982
1699.6,1,1.006,1.002,0.973,0.972,0.984,1.003,1.023,1.037,1.042,1.038,1.027,1.012,0.996,0.983,0.974,0.971
1700.1,1,1.006,1.002,0.974,0.973,0.984,1.002,1.02,1.033,1.037,1.031,1.018,1.002,0.986,0.972,0.963,0.959
1700.5,1,1.006,1.002,0.975,0.973,0.983,1.001,1.018,1.029,1.032,1.025,1.011,0.994,0.976,0.962,0.952,0.949
1700.9,1,1.006,1.003,0.976,0.974,0.983,0.999,1.015,1.025,1.026,1.018,1.002,0.984,0.966,0.95,0.94,0.937
1701.2,1,1.006,1.004,0.977,0.974,0.983,0.998,1.012,1.021,1.021,1.011,0.995,0.976,0.957,0.941,0.931,0.927
1701.5,1,1.006,1.004,0.978,0.975,0.982,0.996,1.009,1.017,1.015,1.004,0.987,0.966,0.947,0.93,0.92,0.916
1701.8,1,1.006,1.005,0.979,0.975,0.982,0.994,1.006,1.012,1.008,0.996,0.977,0.956,0.935,0.919,0.908,0.904
1702,1,1.006,1.005,0.98,0.976,0.982,0.993,1.003,1.008,1.003,0.99,0.97,0.948,0.927,0.91,0.899,0.895
1702.2,1,1.006,1.006,0.981,0.977,0.981,0.991,1,1.003,0.998,0.983,0.963,0.94,0.918,0.901,0.889,0.885
1702.4,1,1.006,1.006,0.983,0.977,0.98,0.989,0.997,0.998,0.991,0.976,0.954,0.93,0.908,0.89,0.879,0.875
1702.6,1,1.006,1.007,0.984,0.978,0.98,0.987,0.993,0.993,0.984,0.967,0.945,0.92,0.897,0.879,0.868,0.864
1702.8,1,1.006,1.008,0.986,0.978,0.979,0.984,0.988,0.986,0.976,0.958,0.934,0.909,0.885,0.867,0.855,0.851
1703,1,1.006,1.009,0.988,0.979,0.978,0.981,0.982,0.978,0.966,0.947,0.922,0.896,0.872,0.853,0.841,0.837
1703.2,1,1.005,1.01,0.99,0.98,0.976,0.977,0.976,0.969,0.956,0.934,0.909,0.882,0.858,0.838,0.826,0.822
1703.4,1,1.005,1.012,0.992,0.981,0.975,0.972,0.968,0.959,0.943,0.92,0.893,0.866,0.841,0.822,0.809,0.805
1703.5,1,1.005,1.012,0.994,0.981,0.973,0.969,0.963,0.953,0.936,0.912,0.885,0.857,0.832,0.813,0.8,0.796
1703.6,1,1.005,1.013,0.995,0.982,0.972,0.966,0.958,0.946,0.928,0.903,0.876,0.848,0.823,0.803,0.791,0.787
1703.7,1,1.005,1.014,0.997,0.982,0.971,0.962,0.953,0.939,0.919,0.894,0.866,0.838,0.813,0.793,0.781,0.777
1703.8,1,1.005,1.015,0.998,0.982,0.969,0.958,0.946,0.931,0.91,0.884,0.855,0.827,0.802,0.783,0.771,0.767
1703.9,1,1.005,1.017,1,0.982,0.966,0.953,0.939,0.922,0.9,0.873,0.844,0.816,0.791,0.772,0.76,0.756
1704,1,1.005,1.018,1.002,0.982,0.964,0.947,0.931,0.912,0.889,0.861,0.832,0.804,0.78,0.761,0.75,0.746
1704.1,1,1.005,1.02,1.004,0.982,0.96,0.941,0.922,0.901,0.876,0.849,0.819,0.792,0.768,0.75,0.739,0.735
1704.2,1,1.005,1.022,1.006,0.981,0.956,0.933,0.912,0.889,0.863,0.835,0.806,0.779,0.756,0.738,0.728,0.724
1704.3,1,1.005,1.024,1.008,0.98,0.951,0.925,0.9,0.875,0.848,0.82,0.792,0.766,0.744,0.728,0.718,0.714
1704.4,1,1.006,1.027,1.01,0.979,0.945,0.914,0.886,0.859,0.832,0.804,0.777,0.753,0.733,0.718,0.709,0.706
1704.8,1,1.008,1.043,1.013,0.958,0.899,0.847,0.807,0.778,0.756,0.741,0.73,0.723,0.72,0.718,0.718,0.718
1704.9,1,1.01,1.048,1.011,0.946,0.878,0.822,0.781,0.754,0.739,0.732,0.731,0.734,0.739,0.744,0.748,0.75
1705,1,1.012,1.055,1.005,0.929,0.853,0.792,0.752,0.732,0.727,0.733,0.746,0.762,0.778,0.792,0.802,0.806
1705.1,1,1.016,1.062,0.994,0.906,0.821,0.759,0.725,0.716,0.726,0.75,0.781,0.815,0.847,0.873,0.89,0.896
1705.2,1,1.02,1.068,0.977,0.875,0.785,0.725,0.702,0.711,0.744,0.792,0.848,0.904,0.955,0.995,1.021,1.03
1705.3,1,1.025,1.073,0.952,0.839,0.747,0.697,0.692,0.727,0.789,0.867,0.952,1.034,1.106,1.163,1.199,1.211
1705.4,1,1.031,1.073,0.92,0.8,0.714,0.681,0.703,0.769,0.865,0.977,1.092,1.2,1.294,1.366,1.411,1.427
1705.5,1,1.036,1.07,0.886,0.766,0.694,0.686,0.738,0.838,0.966,1.108,1.25,1.38,1.49,1.574,1.627,1.644
1705.6,1,1.039,1.061,0.856,0.745,0.692,0.711,0.793,0.922,1.076,1.239,1.397,1.539,1.658,1.748,1.803,1.822
1705.7,1,1.041,1.05,0.835,0.737,0.707,0.751,0.857,1.006,1.174,1.347,1.509,1.653,1.772,1.86,1.914,1.932
1705.8,1,1.04,1.039,0.824,0.742,0.732,0.796,0.918,1.076,1.249,1.42,1.577,1.714,1.825,1.906,1.956,1.973
1706,1,1.037,1.02,0.823,0.77,0.79,0.876,1.008,1.164,1.325,1.475,1.608,1.719,1.806,1.869,1.907,1.92
1706.1,1,1.034,1.014,0.829,0.787,0.815,0.905,1.037,1.187,1.337,1.475,1.594,1.691,1.767,1.82,1.852,1.863
1706.2,1,1.032,1.009,0.835,0.802,0.837,0.929,1.057,1.2,1.339,1.465,1.571,1.656,1.72,1.766,1.793,1.802
1706.3,1,1.03,1.005,0.842,0.816,0.855,0.947,1.072,1.207,1.336,1.45,1.544,1.618,1.674,1.712,1.734,1.742
1706.4,1,1.029,1.003,0.849,0.829,0.87,0.962,1.081,1.209,1.329,1.433,1.517,1.582,1.629,1.661,1.679,1.685
1706.5,1,1.027,1.001,0.855,0.839,0.882,0.973,1.088,1.209,1.321,1.416,1.491,1.547,1.587,1.614,1.629,1.634
1706.6,1,1.026,0.999,0.861,0.848,0.893,0.981,1.093,1.208,1.312,1.399,1.466,1.515,1.549,1.572,1.584,1.588
1706.7,1,1.025,0.998,0.866,0.856,0.901,0.988,1.096,1.205,1.303,1.383,1.443,1.486,1.515,1.533,1.544,1.547
1706.8,1,1.024,0.997,0.871,0.863,0.909,0.994,1.098,1.202,1.294,1.367,1.422,1.459,1.484,1.499,1.507,1.51
1706.9,1,1.023,0.997,0.875,0.869,0.915,0.998,1.099,1.198,1.285,1.353,1.402,1.435,1.456,1.468,1.475,1.477
1707,1,1.022,0.996,0.879,0.875,0.92,1.002,1.099,1.195,1.277,1.34,1.385,1.413,1.431,1.441,1.445,1.447
1707.1,1,1.022,0.996,0.882,0.879,0.924,1.004,1.099,1.191,1.269,1.328,1.369,1.394,1.408,1.415,1.419,1.42
1707.2,1,1.021,0.996,0.885,0.883,0.928,1.007,1.099,1.188,1.262,1.317,1.354,1.376,1.387,1.393,1.395,1.396
1707.3,1,1.021,0.995,0.888,0.887,0.932,1.009,1.099,1.184,1.255,1.307,1.34,1.359,1.369,1.372,1.373,1.373
1707.4,1,1.02,0.995,0.891,0.89,0.935,1.01,1.098,1.181,1.249,1.297,1.328,1.344,1.351,1.353,1.354,1.353
1707.5,1,1.02,0.995,0.893,0.893,0.937,1.012,1.098,1.178,1.243,1.288,1.316,1.33,1.336,1.336,1.336,1.335
1707.6,1,1.02,0.995,0.895,0.895,0.94,1.013,1.097,1.175,1.237,1.28,1.306,1.318,1.321,1.32,1.319,1.318
1707.7,1,1.019,0.995,0.897,0.898,0.942,1.014,1.096,1.172,1.232,1.273,1.296,1.306,1.308,1.306,1.304,1.303
1707.8,1,1.019,0.995,0.899,0.9,0.943,1.015,1.095,1.17,1.227,1.266,1.287,1.295,1.295,1.292,1.289,1.288
1707.9,1,1.019,0.995,0.9,0.902,0.945,1.016,1.095,1.167,1.223,1.259,1.278,1.285,1.284,1.28,1.276,1.275
1708.1,1,1.018,0.995,0.903,0.905,0.948,1.017,1.093,1.162,1.215,1.248,1.263,1.266,1.263,1.257,1.253,1.251
1708.3,1,1.018,0.995,0.905,0.907,0.95,1.017,1.092,1.158,1.208,1.237,1.25,1.25,1.245,1.238,1.232,1.23
1708.5,1,1.018,0.995,0.907,0.91,0.952,1.018,1.091,1.155,1.201,1.228,1.238,1.236,1.229,1.22,1.214,1.211
1708.7,1,1.018,0.996,0.908,0.911,0.953,1.018,1.089,1.151,1.195,1.22,1.227,1.224,1.214,1.204,1.197,1.195
1708.9,1,1.017,0.996,0.91,0.913,0.954,1.019,1.088,1.148,1.19,1.212,1.218,1.212,1.201,1.19,1.182,1.179
1709.1,1,1.017,0.996,0.911,0.914,0.955,1.019,1.087,1.146,1.186,1.206,1.209,1.202,1.189,1.177,1.169,1.166
1709.3,1,1.017,0.996,0.912,0.915,0.956,1.019,1.087,1.143,1.181,1.2,1.201,1.192,1.179,1.165,1.156,1.153
1709.8,1,1.017,0.996,0.913,0.917,0.958,1.02,1.085,1.138,1.172,1.187,1.184,1.171,1.155,1.139,1.129,1.125
1710.1,1,1.017,0.996,0.914,0.918,0.959,1.02,1.084,1.136,1.168,1.18,1.175,1.16,1.142,1.126,1.115,1.111
1710.4,1,1.017,0.996,0.914,0.919,0.959,1.02,1.083,1.133,1.164,1.174,1.167,1.151,1.131,1.113,1.102,1.097
1710.7,1,1.017,0.996,0.914,0.919,0.96,1.02,1.083,1.132,1.16,1.168,1.159,1.141,1.12,1.102,1.089,1.085
1711,1,1.018,0.996,0.914,0.919,0.96,1.02,1.082,1.13,1.157,1.163,1.153,1.133,1.11,1.091,1.078,1.073
1711.3,1,1.018,0.997,0.914,0.919,0.96,1.021,1.082,1.129,1.154,1.158,1.146,1.125,1.101,1.08,1.067,1.062
1711.7,1,1.018,0.997,0.913,0.919,0.96,1.021,1.081,1.127,1.151,1.153,1.138,1.114,1.089,1.067,1.053,1.048
1712.1,1,1.018,0.997,0.913,0.919,0.961,1.022,1.081,1.126,1.148,1.147,1.13,1.105,1.077,1.054,1.04,1.034
1712.5,1,1.018,0.996,0.912,0.918,0.961,1.022,1.082,1.125,1.145,1.142,1.123,1.095,1.066,1.042,1.027,1.021
1712.9,1,1.019,0.996,0.911,0.918,0.961,1.022,1.082,1.124,1.142,1.138,1.116,1.086,1.056,1.03,1.014,1.009
1713.3,1,1.019,0.996,0.91,0.917,0.961,1.023,1.083,1.124,1.14,1.133,1.109,1.077,1.045,1.019,1.002,0.996
1713.7,1,1.02,0.996,0.908,0.916,0.961,1.024,1.083,1.123,1.138,1.129,1.102,1.068,1.034,1.007,0.99,0.984
1714.1,1,1.02,0.996,0.907,0.915,0.962,1.025,1.084,1.123,1.136,1.124,1.095,1.059,1.024,0.996,0.978,0.972
1714.5,1,1.021,0.995,0.905,0.914,0.962,1.026,1.085,1.123,1.134,1.12,1.089,1.05,1.014,0.984,0.966,0.959
1714.9,1,1.021,0.995,0.903,0.913,0.962,1.028,1.087,1.123,1.132,1.115,1.082,1.041,1.003,0.973,0.954,0.947
1715.3,1,1.022,0.994,0.901,0.912,0.963,1.029,1.088,1.123,1.13,1.111,1.075,1.032,0.992,0.961,0.942,0.935
1715.7,1,1.022,0.994,0.899,0.911,0.963,1.031,1.09,1.124,1.128,1.106,1.067,1.023,0.981,0.949,0.929,0.923
1716.1,1,1.023,0.993,0.896,0.91,0.964,1.033,1.092,1.125,1.126,1.101,1.06,1.013,0.97,0.938,0.917,0.911
1716.5,1,1.024,0.992,0.894,0.909,0.965,1.035,1.094,1.125,1.124,1.096,1.052,1.003,0.959,0.926,0.905,0.899
1716.9,1,1.024,0.991,0.891,0.909,0.967,1.038,1.097,1.126,1.122,1.091,1.044,0.993,0.948,0.914,0.893,0.887
1717.3,1,1.025,0.989,0.889,0.908,0.969,1.041,1.099,1.127,1.12,1.085,1.035,0.982,0.936,0.902,0.882,0.875
1717.7,1,1.025,0.988,0.886,0.908,0.971,1.045,1.103,1.128,1.117,1.079,1.027,0.972,0.925,0.891,0.871,0.864
1718.1,1,1.026,0.986,0.883,0.908,0.974,1.049,1.106,1.129,1.115,1.073,1.017,0.961,0.913,0.88,0.86,0.854
1718.5,1,1.026,0.984,0.881,0.908,0.977,1.054,1.11,1.13,1.112,1.067,1.008,0.95,0.903,0.87,0.851,0.845
1719,1,1.027,0.981,0.878,0.91,0.982,1.06,1.115,1.131,1.108,1.058,0.996,0.937,0.89,0.858,0.841,0.836
1721.3,1,1.025,0.957,0.875,0.935,1.026,1.104,1.144,1.135,1.086,1.017,0.949,0.897,0.867,0.857,0.856,0.857
1721.6,1,1.024,0.953,0.877,0.941,1.033,1.111,1.147,1.135,1.083,1.013,0.946,0.897,0.872,0.866,0.87,0.872
1721.8,1,1.023,0.95,0.879,0.946,1.039,1.115,1.149,1.135,1.082,1.012,0.945,0.899,0.877,0.875,0.88,0.884
1722,1,1.022,0.948,0.881,0.951,1.044,1.119,1.151,1.135,1.081,1.01,0.945,0.901,0.883,0.884,0.892,0.897
1722.2,1,1.021,0.945,0.884,0.956,1.049,1.123,1.153,1.135,1.08,1.01,0.946,0.905,0.89,0.895,0.906,0.911
1722.4,1,1.02,0.942,0.887,0.961,1.054,1.126,1.155,1.136,1.08,1.01,0.948,0.91,0.899,0.907,0.921,0.927
1722.6,1,1.018,0.94,0.89,0.966,1.058,1.129,1.157,1.136,1.081,1.012,0.952,0.916,0.908,0.92,0.937,0.944
1722.8,1,1.017,0.937,0.894,0.971,1.062,1.132,1.158,1.138,1.083,1.015,0.957,0.924,0.919,0.935,0.954,0.962
1723,1,1.015,0.934,0.898,0.975,1.065,1.133,1.159,1.14,1.087,1.02,0.964,0.933,0.931,0.95,0.972,0.981
1723.2,1,1.014,0.932,0.902,0.979,1.067,1.134,1.161,1.144,1.093,1.028,0.973,0.944,0.945,0.967,0.992,1.002
1723.3,1,1.012,0.93,0.904,0.981,1.067,1.134,1.162,1.147,1.097,1.034,0.979,0.951,0.953,0.977,1.003,1.014
1723.4,1,1.011,0.929,0.906,0.982,1.067,1.133,1.163,1.15,1.103,1.041,0.986,0.958,0.962,0.987,1.014,1.026
1723.5,1,1.01,0.928,0.908,0.982,1.066,1.133,1.165,1.155,1.111,1.05,0.995,0.967,0.971,0.998,1.028,1.041
1723.6,1,1.009,0.926,0.91,0.982,1.064,1.131,1.167,1.162,1.121,1.061,1.006,0.978,0.983,1.013,1.045,1.059
1723.7,1,1.007,0.925,0.911,0.981,1.06,1.129,1.169,1.171,1.135,1.076,1.021,0.992,0.999,1.032,1.068,1.083
1723.8,1,1.005,0.923,0.912,0.977,1.054,1.125,1.174,1.185,1.155,1.098,1.042,1.012,1.022,1.061,1.104,1.122
1723.9,1,1.003,0.92,0.912,0.971,1.044,1.121,1.182,1.206,1.184,1.13,1.073,1.045,1.061,1.113,1.167,1.19
1724,1,0.999,0.917,0.91,0.958,1.028,1.116,1.198,1.241,1.232,1.181,1.126,1.105,1.141,1.222,1.303,1.337
1724.1,1,0.992,0.914,0.902,0.933,1.003,1.115,1.232,1.306,1.315,1.273,1.23,1.245,1.347,1.512,1.667,1.731
1724.2,1,0.976,0.914,0.876,0.884,0.979,1.15,1.323,1.427,1.446,1.432,1.472,1.659,2.025,2.499,2.91,3.073
1724.5,1,1.007,0.951,0.928,1.077,1.232,1.276,1.174,0.99,0.841,0.824,0.979,1.288,1.692,2.098,2.402,2.515
1724.6,1,1.008,0.944,0.937,1.074,1.205,1.238,1.151,1,0.875,0.848,0.947,1.155,1.424,1.69,1.886,1.958
1724.7,1,1.008,0.94,0.942,1.07,1.188,1.217,1.143,1.013,0.903,0.873,0.944,1.102,1.309,1.511,1.659,1.713
1724.8,1,1.007,0.938,0.946,1.068,1.177,1.204,1.139,1.023,0.923,0.892,0.948,1.079,1.251,1.42,1.542,1.587
1724.9,1,1.006,0.936,0.949,1.066,1.169,1.196,1.136,1.031,0.938,0.907,0.954,1.069,1.22,1.368,1.476,1.515
1725,1,1.005,0.935,0.951,1.065,1.164,1.189,1.134,1.036,0.95,0.919,0.96,1.064,1.202,1.337,1.435,1.471
1725.1,1,1.004,0.934,0.954,1.065,1.159,1.184,1.133,1.04,0.959,0.929,0.967,1.063,1.192,1.318,1.409,1.443
1725.2,1,1.004,0.933,0.956,1.065,1.156,1.18,1.131,1.044,0.966,0.937,0.973,1.064,1.186,1.306,1.393,1.424
1725.4,1,1.002,0.933,0.961,1.065,1.151,1.174,1.129,1.048,0.977,0.951,0.984,1.069,1.183,1.294,1.375,1.404
1727.4,1,0.994,0.94,0.991,1.069,1.125,1.134,1.103,1.056,1.021,1.021,1.063,1.141,1.236,1.327,1.391,1.415
1731.7,1,0.993,0.962,1,1.045,1.075,1.082,1.072,1.059,1.058,1.079,1.123,1.185,1.254,1.316,1.359,1.374
1732.7,1,0.994,0.966,0.998,1.038,1.067,1.075,1.069,1.06,1.063,1.084,1.126,1.184,1.247,1.303,1.342,1.356
1733.6,1,0.995,0.968,0.996,1.033,1.06,1.07,1.067,1.062,1.067,1.088,1.128,1.181,1.239,1.291,1.326,1.339
1734.5,1,0.996,0.971,0.993,1.027,1.054,1.065,1.066,1.064,1.07,1.091,1.129,1.178,1.231,1.278,1.31,1.322
1735.4,1,0.997,0.973,0.99,1.022,1.048,1.062,1.065,1.066,1.073,1.093,1.128,1.173,1.222,1.264,1.294,1.304
1736.2,1,0.998,0.974,0.987,1.017,1.044,1.059,1.065,1.067,1.075,1.095,1.127,1.168,1.213,1.252,1.279,1.289
1737,1,0.999,0.976,0.984,1.013,1.04,1.057,1.065,1.069,1.078,1.096,1.125,1.163,1.204,1.24,1.265,1.273
1737.8,1,1,0.977,0.981,1.008,1.036,1.055,1.065,1.071,1.08,1.096,1.123,1.157,1.194,1.227,1.25,1.258
1738.5,1,1,0.978,0.978,1.005,1.033,1.054,1.066,1.073,1.081,1.097,1.12,1.151,1.185,1.215,1.236,1.244
1739.2,1,1.002,0.979,0.975,1.001,1.03,1.053,1.067,1.075,1.083,1.096,1.117,1.145,1.175,1.203,1.222,1.229
1739.9,1,1.003,0.979,0.971,0.997,1.028,1.053,1.069,1.078,1.085,1.096,1.113,1.138,1.165,1.19,1.208,1.214
1740.5,1,1.004,0.98,0.967,0.994,1.026,1.054,1.071,1.08,1.086,1.095,1.11,1.131,1.156,1.179,1.195,1.201
1741.1,1,1.005,0.98,0.963,0.99,1.025,1.055,1.073,1.082,1.087,1.094,1.106,1.124,1.146,1.167,1.183,1.188
1741.7,1,1.006,0.98,0.959,0.987,1.024,1.056,1.076,1.085,1.088,1.092,1.101,1.116,1.136,1.155,1.17,1.175
1742.3,1,1.007,0.979,0.955,0.984,1.024,1.059,1.08,1.089,1.089,1.09,1.095,1.108,1.125,1.143,1.157,1.162
1742.9,1,1.008,0.978,0.95,0.981,1.024,1.062,1.085,1.092,1.09,1.087,1.089,1.099,1.114,1.131,1.145,1.149
1743.6,1,1.01,0.977,0.944,0.978,1.027,1.068,1.092,1.097,1.091,1.083,1.081,1.087,1.102,1.119,1.132,1.137
1746.2,1,1.013,0.956,0.928,0.993,1.068,1.121,1.136,1.118,1.086,1.057,1.048,1.061,1.093,1.132,1.162,1.174
1746.4,1,1.012,0.953,0.928,0.997,1.075,1.127,1.14,1.119,1.084,1.055,1.046,1.063,1.1,1.142,1.176,1.188
1746.6,1,1.012,0.95,0.929,1.002,1.082,1.133,1.144,1.12,1.082,1.053,1.046,1.066,1.107,1.155,1.191,1.205
1746.8,1,1.011,0.947,0.931,1.008,1.089,1.14,1.147,1.121,1.081,1.05,1.046,1.071,1.117,1.169,1.21,1.225
1747,1,1.01,0.944,0.934,1.014,1.097,1.146,1.151,1.121,1.079,1.049,1.047,1.076,1.128,1.186,1.23,1.247
1747.2,1,1.009,0.941,0.937,1.021,1.105,1.153,1.154,1.12,1.076,1.047,1.048,1.083,1.141,1.205,1.254,1.272
1747.4,1,1.007,0.938,0.941,1.028,1.113,1.158,1.156,1.119,1.074,1.046,1.051,1.091,1.156,1.226,1.278,1.298
1747.5,1,1.006,0.937,0.943,1.032,1.117,1.161,1.157,1.119,1.073,1.046,1.053,1.096,1.164,1.237,1.292,1.312
1747.7,1,1.005,0.934,0.948,1.04,1.124,1.166,1.158,1.117,1.07,1.045,1.056,1.106,1.181,1.26,1.319,1.341
1747.9,1,1.003,0.931,0.954,1.048,1.132,1.17,1.159,1.115,1.068,1.045,1.061,1.117,1.199,1.284,1.347,1.37
1748,1,1.002,0.93,0.957,1.052,1.135,1.172,1.159,1.113,1.067,1.045,1.064,1.123,1.208,1.296,1.361,1.385
1748.1,1,1.001,0.929,0.96,1.056,1.138,1.174,1.158,1.112,1.066,1.045,1.067,1.129,1.218,1.308,1.375,1.399
1748.2,1,1,0.928,0.963,1.06,1.141,1.175,1.158,1.111,1.064,1.046,1.07,1.135,1.227,1.32,1.389,1.414
1748.5,1,0.998,0.926,0.973,1.071,1.149,1.177,1.155,1.106,1.061,1.048,1.08,1.155,1.255,1.356,1.429,1.456
1748.7,1,0.996,0.925,0.979,1.078,1.153,1.178,1.153,1.102,1.059,1.05,1.087,1.167,1.273,1.378,1.454,1.482
1748.9,1,0.994,0.924,0.985,1.084,1.157,1.177,1.149,1.099,1.057,1.052,1.094,1.18,1.29,1.399,1.477,1.506
1749.1,1,0.992,0.924,0.992,1.089,1.159,1.175,1.145,1.095,1.056,1.054,1.101,1.192,1.306,1.417,1.498,1.527
1749.3,1,0.991,0.925,0.997,1.093,1.16,1.173,1.141,1.091,1.055,1.057,1.108,1.203,1.321,1.434,1.516,1.545
1749.8,1,0.987,0.927,1.01,1.101,1.159,1.165,1.13,1.082,1.053,1.064,1.125,1.227,1.35,1.466,1.549,1.579
1753.5,1,0.982,0.953,1.036,1.087,1.107,1.097,1.072,1.054,1.06,1.101,1.174,1.27,1.373,1.464,1.526,1.548
1754.2,1,0.983,0.956,1.035,1.081,1.099,1.089,1.067,1.053,1.062,1.104,1.175,1.267,1.365,1.45,1.509,1.529
1754.9,1,0.984,0.959,1.033,1.076,1.092,1.083,1.063,1.052,1.064,1.106,1.176,1.264,1.357,1.438,1.492,1.512
1755.7,1,0.984,0.962,1.032,1.071,1.085,1.077,1.06,1.052,1.066,1.108,1.176,1.26,1.348,1.424,1.476,1.494
1756.6,1,0.985,0.965,1.03,1.066,1.079,1.071,1.057,1.052,1.068,1.11,1.175,1.256,1.339,1.41,1.458,1.475
1757.6,1,0.986,0.967,1.027,1.06,1.073,1.066,1.055,1.052,1.07,1.111,1.175,1.251,1.329,1.396,1.441,1.457
1758.7,1,0.987,0.969,1.025,1.056,1.067,1.062,1.053,1.053,1.071,1.112,1.173,1.246,1.32,1.383,1.425,1.44
1760,1,0.988,0.971,1.022,1.051,1.062,1.058,1.051,1.053,1.073,1.113,1.172,1.241,1.31,1.369,1.409,1.422
1761.5,1,0.988,0.973,1.02,1.046,1.056,1.054,1.05,1.054,1.075,1.115,1.17,1.236,1.301,1.356,1.392,1.405
1763.3,1,0.989,0.975,1.017,1.041,1.051,1.051,1.049,1.055,1.077,1.115,1.169,1.23,1.291,1.342,1.376,1.388
1765.4,1,0.99,0.977,1.014,1.036,1.047,1.048,1.048,1.056,1.078,1.116,1.167,1.224,1.281,1.328,1.36,1.371
1768,1,0.991,0.978,1.011,1.032,1.042,1.045,1.047,1.057,1.08,1.117,1.165,1.218,1.271,1.315,1.344,1.354
1771.4,1,0.992,0.98,1.008,1.026,1.037,1.042,1.047,1.059,1.082,1.117,1.162,1.212,1.26,1.3,1.326,1.335
1776,1,0.994,0.982,1.004,1.021,1.032,1.039,1.047,1.061,1.084,1.118,1.159,1.204,1.248,1.283,1.306,1.314
1778.8,1,0.994,0.983,1.002,1.017,1.029,1.038,1.047,1.062,1.086,1.118,1.158,1.2,1.241,1.274,1.295,1.303
1782.6,1,0.995,0.984,0.998,1.013,1.025,1.036,1.047,1.064,1.087,1.119,1.156,1.195,1.231,1.261,1.28,1.287
1785.8,1,0.996,0.985,0.995,1.009,1.022,1.034,1.048,1.066,1.089,1.119,1.153,1.189,1.222,1.249,1.266,1.272
1788.2,1,0.997,0.986,0.992,1.005,1.019,1.033,1.048,1.067,1.091,1.119,1.151,1.183,1.213,1.237,1.253,1.258
1789.9,1,0.998,0.987,0.988,1.001,1.016,1.032,1.049,1.069,1.092,1.119,1.148,1.177,1.204,1.226,1.24,1.244
1791.1,1,0.999,0.987,0.985,0.998,1.014,1.031,1.05,1.07,1.093,1.118,1.145,1.172,1.196,1.215,1.227,1.231
1792,1,1,0.988,0.982,0.994,1.011,1.031,1.051,1.072,1.094,1.118,1.142,1.166,1.187,1.204,1.215,1.218
1792.7,1,1.001,0.988,0.979,0.991,1.009,1.03,1.052,1.074,1.096,1.118,1.139,1.16,1.178,1.193,1.202,1.205
1793.3,1,1.002,0.989,0.976,0.987,1.007,1.03,1.053,1.076,1.097,1.117,1.136,1.153,1.169,1.18,1.188,1.191
1793.7,1,1.003,0.989,0.973,0.984,1.005,1.03,1.055,1.077,1.098,1.116,1.133,1.148,1.16,1.17,1.176,1.179
1794.1,1,1.004,0.99,0.97,0.981,1.003,1.03,1.056,1.08,1.099,1.116,1.129,1.141,1.15,1.157,1.162,1.164
1794.4,1,1.004,0.99,0.966,0.978,1.002,1.03,1.058,1.082,1.101,1.115,1.126,1.134,1.141,1.146,1.149,1.15
1794.7,1,1.006,0.99,0.963,0.975,1,1.031,1.06,1.084,1.102,1.114,1.121,1.127,1.13,1.132,1.133,1.134
1794.9,1,1.006,0.99,0.96,0.972,0.999,1.032,1.062,1.087,1.103,1.113,1.118,1.12,1.121,1.121,1.121,1.121
1795.1,1,1.007,0.99,0.956,0.969,0.998,1.032,1.065,1.089,1.105,1.112,1.114,1.113,1.111,1.108,1.107,1.106
1795.3,1,1.008,0.99,0.952,0.966,0.997,1.034,1.068,1.092,1.106,1.111,1.109,1.104,1.099,1.094,1.09,1.089
1795.5,1,1.01,0.99,0.948,0.962,0.996,1.036,1.071,1.096,1.108,1.109,1.103,1.094,1.084,1.076,1.071,1.069
1795.6,1,1.01,0.99,0.945,0.96,0.995,1.037,1.074,1.098,1.109,1.108,1.1,1.088,1.076,1.066,1.06,1.058
1795.7,1,1.011,0.989,0.942,0.958,0.995,1.039,1.076,1.101,1.11,1.107,1.096,1.081,1.067,1.056,1.048,1.046
1795.8,1,1.012,0.989,0.939,0.956,0.995,1.041,1.079,1.103,1.111,1.106,1.092,1.074,1.058,1.044,1.035,1.032
1795.9,1,1.013,0.989,0.935,0.953,0.995,1.043,1.083,1.107,1.113,1.104,1.087,1.066,1.047,1.031,1.021,1.018
1796,1,1.014,0.988,0.931,0.951,0.996,1.046,1.087,1.11,1.114,1.103,1.082,1.058,1.035,1.017,1.006,1.002
1796.1,1,1.015,0.987,0.927,0.949,0.996,1.05,1.092,1.114,1.116,1.101,1.076,1.048,1.022,1.002,0.989,0.985
1796.2,1,1.016,0.986,0.923,0.947,0.998,1.054,1.098,1.119,1.118,1.098,1.069,1.037,1.008,0.985,0.971,0.966
1796.3,1,1.017,0.984,0.918,0.945,1,1.06,1.105,1.125,1.12,1.096,1.061,1.025,0.992,0.967,0.952,0.947
1796.4,1,1.018,0.982,0.913,0.943,1.003,1.067,1.113,1.131,1.122,1.093,1.053,1.011,0.975,0.948,0.931,0.925
1796.5,1,1.02,0.98,0.907,0.942,1.008,1.075,1.122,1.138,1.124,1.089,1.043,0.997,0.957,0.927,0.91,0.904
1796.6,1,1.021,0.976,0.902,0.942,1.014,1.086,1.133,1.146,1.126,1.084,1.032,0.981,0.938,0.907,0.888,0.882
1796.7,1,1.022,0.972,0.896,0.944,1.024,1.1,1.147,1.155,1.129,1.079,1.021,0.965,0.919,0.887,0.868,0.862
1796.8,1,1.022,0.966,0.891,0.948,1.036,1.116,1.162,1.165,1.131,1.073,1.008,0.949,0.902,0.87,0.852,0.846
1797.1,1,1.02,0.939,0.891,0.985,1.1,1.187,1.218,1.194,1.131,1.052,0.979,0.924,0.891,0.876,0.871,0.87
1797.2,1,1.016,0.928,0.901,1.009,1.13,1.213,1.234,1.199,1.127,1.046,0.978,0.934,0.915,0.914,0.919,0.922
1797.3,1,1.011,0.917,0.916,1.037,1.16,1.236,1.245,1.198,1.121,1.043,0.986,0.959,0.96,0.976,0.993,1.001
1797.4,1,1.004,0.908,0.937,1.066,1.187,1.251,1.247,1.191,1.113,1.043,1.003,0.998,1.022,1.058,1.09,1.102
1797.5,1,0.997,0.903,0.961,1.093,1.206,1.256,1.24,1.177,1.103,1.046,1.027,1.046,1.094,1.151,1.196,1.213
1797.6,1,0.99,0.902,0.984,1.115,1.216,1.252,1.224,1.16,1.093,1.053,1.055,1.098,1.168,1.242,1.299,1.32
1797.7,1,0.985,0.904,1.004,1.129,1.216,1.239,1.204,1.141,1.084,1.061,1.083,1.146,1.233,1.321,1.386,1.41
1797.8,1,0.981,0.908,1.02,1.136,1.21,1.222,1.183,1.123,1.077,1.069,1.107,1.186,1.286,1.383,1.453,1.478
1797.9,1,0.979,0.914,1.032,1.138,1.2,1.203,1.162,1.108,1.072,1.077,1.128,1.218,1.326,1.428,1.5,1.527
1798,1,0.977,0.92,1.039,1.136,1.188,1.185,1.144,1.095,1.069,1.084,1.145,1.241,1.354,1.458,1.532,1.558
1798.1,1,0.977,0.925,1.044,1.132,1.176,1.168,1.127,1.084,1.066,1.09,1.157,1.259,1.373,1.478,1.551,1.577
1799.2,1,0.982,0.957,1.038,1.08,1.09,1.072,1.047,1.036,1.058,1.116,1.206,1.316,1.427,1.522,1.586,1.609
1799.3,1,0.983,0.958,1.037,1.077,1.085,1.066,1.041,1.032,1.056,1.118,1.213,1.327,1.442,1.54,1.605,1.628
1799.4,1,0.983,0.958,1.036,1.075,1.081,1.06,1.033,1.026,1.054,1.121,1.223,1.344,1.466,1.569,1.637,1.661
1799.5,1,0.984,0.957,1.035,1.073,1.075,1.051,1.023,1.017,1.051,1.129,1.243,1.376,1.508,1.62,1.694,1.72
1799.6,1,0.983,0.955,1.036,1.071,1.068,1.036,1.006,1.005,1.051,1.148,1.284,1.44,1.593,1.72,1.804,1.833
1799.7,1,0.98,0.949,1.04,1.07,1.053,1.01,0.981,0.997,1.075,1.213,1.391,1.586,1.769,1.917,2.013,2.046
1799.8,1,0.969,0.952,1.054,1.063,1.036,1.008,1.018,1.083,1.199,1.349,1.508,1.657,1.78,1.871,1.925,1.944
1799.9,1,0.974,0.971,1.045,1.057,1.057,1.066,1.096,1.144,1.201,1.256,1.298,1.325,1.339,1.343,1.343,1.343
1800,1,0.979,0.974,1.037,1.056,1.066,1.077,1.095,1.122,1.153,1.183,1.209,1.228,1.242,1.251,1.256,1.258
1800.2,1,0.983,0.975,1.031,1.054,1.066,1.073,1.08,1.094,1.116,1.144,1.177,1.211,1.243,1.269,1.286,1.292
1800.3,1,0.984,0.975,1.029,1.053,1.065,1.07,1.076,1.087,1.108,1.138,1.174,1.213,1.25,1.28,1.301,1.308
1800.5,1,0.985,0.975,1.027,1.051,1.062,1.066,1.069,1.079,1.1,1.132,1.172,1.216,1.259,1.295,1.319,1.327
1800.9,1,0.987,0.976,1.023,1.047,1.058,1.06,1.063,1.072,1.094,1.127,1.171,1.22,1.267,1.307,1.333,1.342
1804.2,1,0.991,0.98,1.011,1.029,1.039,1.045,1.052,1.066,1.089,1.124,1.167,1.214,1.258,1.294,1.318,1.327
1806.1,1,0.992,0.982,1.007,1.024,1.035,1.042,1.051,1.066,1.09,1.124,1.165,1.209,1.251,1.285,1.308,1.315
1809.2,1,0.993,0.983,1.003,1.019,1.031,1.04,1.05,1.067,1.092,1.125,1.163,1.205,1.243,1.275,1.295,1.302
1814.9,1,0.995,0.984,0.999,1.014,1.026,1.038,1.051,1.069,1.094,1.125,1.161,1.199,1.234,1.262,1.28,1.287
1817.9,1,0.995,0.985,0.997,1.012,1.024,1.037,1.051,1.07,1.095,1.126,1.161,1.197,1.23,1.257,1.275,1.281
1820,1,0.995,0.985,0.996,1.01,1.024,1.036,1.051,1.07,1.095,1.126,1.16,1.196,1.228,1.254,1.271,1.277
</Data>