<Source> SigmaCalcv1.6 (r33) </Source> 
<Created> File created 09-10-2009 17:17:27 by Nuno P. Barradas</Created> 
<Comment>  </Comment> 
<Reaction>  </Reaction> 
<EnergyRange> </EnergyRange>
<AnglesNumber>  28 </AnglesNumber> 
<EnergiesNumber>  349 </EnergiesNumber> 
<Data> 
, 1, 5, 10, 20, 30, 40, 50, 60, 70, 80, 90, 95, 100, 105, 110, 115, 120, 125, 130, 135, 140, 145, 150, 155, 160, 165, 170, 180
930, 1, 1.001, 1.004, 0.988, 0.958, 0.943, 0.956, 0.996, 1.059, 1.135, 1.217, 1.258, 1.299, 1.337, 1.374, 1.409, 1.44, 1.47, 1.496, 1.52, 1.541, 1.559, 1.574, 1.587, 1.597, 1.605, 1.611, 1.615
944, 1, 1.001, 1.004, 0.987, 0.957, 0.942, 0.956, 0.998, 1.062, 1.141, 1.225, 1.268, 1.309, 1.349, 1.387, 1.422, 1.455, 1.486, 1.513, 1.537, 1.559, 1.578, 1.594, 1.607, 1.618, 1.626, 1.632, 1.636
951, 1, 1.001, 1.004, 0.987, 0.957, 0.942, 0.956, 0.998, 1.064, 1.143, 1.229, 1.272, 1.314, 1.355, 1.393, 1.429, 1.462, 1.493, 1.521, 1.546, 1.568, 1.587, 1.603, 1.616, 1.627, 1.636, 1.641, 1.646
961, 1, 1.001, 1.004, 0.986, 0.956, 0.941, 0.956, 0.999, 1.066, 1.147, 1.234, 1.278, 1.321, 1.362, 1.402, 1.438, 1.472, 1.504, 1.532, 1.557, 1.58, 1.599, 1.616, 1.629, 1.641, 1.649, 1.655, 1.66
968, 1, 1.001, 1.004, 0.986, 0.955, 0.941, 0.956, 1, 1.067, 1.15, 1.238, 1.282, 1.326, 1.368, 1.407, 1.445, 1.479, 1.511, 1.539, 1.565, 1.588, 1.607, 1.624, 1.638, 1.649, 1.658, 1.664, 1.669
977, 1, 1.001, 1.004, 0.986, 0.955, 0.94, 0.956, 1.001, 1.069, 1.153, 1.242, 1.287, 1.331, 1.374, 1.414, 1.452, 1.487, 1.519, 1.548, 1.574, 1.597, 1.617, 1.634, 1.649, 1.66, 1.669, 1.675, 1.68
986, 1, 1.001, 1.004, 0.985, 0.954, 0.94, 0.956, 1.002, 1.071, 1.156, 1.246, 1.292, 1.337, 1.379, 1.42, 1.459, 1.494, 1.527, 1.556, 1.583, 1.606, 1.626, 1.643, 1.658, 1.669, 1.678, 1.684, 1.69
995, 1, 1.001, 1.004, 0.985, 0.954, 0.94, 0.956, 1.003, 1.073, 1.158, 1.25, 1.296, 1.341, 1.384, 1.425, 1.464, 1.5, 1.533, 1.563, 1.589, 1.613, 1.633, 1.651, 1.665, 1.677, 1.686, 1.692, 1.697
1003, 1, 1.001, 1.003, 0.984, 0.954, 0.94, 0.957, 1.004, 1.074, 1.16, 1.252, 1.298, 1.344, 1.387, 1.429, 1.468, 1.503, 1.537, 1.567, 1.593, 1.617, 1.637, 1.655, 1.669, 1.681, 1.69, 1.696, 1.702
1009, 1, 1.001, 1.003, 0.984, 0.953, 0.94, 0.957, 1.004, 1.075, 1.161, 1.253, 1.3, 1.345, 1.388, 1.43, 1.469, 1.505, 1.538, 1.568, 1.595, 1.618, 1.639, 1.656, 1.671, 1.682, 1.691, 1.698, 1.703
1016, 1, 1.001, 1.003, 0.984, 0.954, 0.941, 0.958, 1.005, 1.076, 1.162, 1.254, 1.3, 1.345, 1.388, 1.429, 1.468, 1.504, 1.537, 1.567, 1.593, 1.617, 1.637, 1.654, 1.669, 1.68, 1.689, 1.696, 1.7
1025, 1, 1.001, 1.003, 0.984, 0.954, 0.943, 0.96, 1.007, 1.076, 1.161, 1.251, 1.297, 1.341, 1.383, 1.424, 1.462, 1.497, 1.53, 1.559, 1.585, 1.608, 1.627, 1.644, 1.658, 1.67, 1.678, 1.684, 1.689
1033, 1, 1.001, 1.003, 0.984, 0.956, 0.945, 0.962, 1.008, 1.075, 1.157, 1.245, 1.288, 1.331, 1.372, 1.411, 1.448, 1.482, 1.512, 1.54, 1.565, 1.587, 1.606, 1.622, 1.635, 1.646, 1.655, 1.66, 1.665
1037, 1, 1.001, 1.003, 0.985, 0.957, 0.947, 0.964, 1.009, 1.074, 1.153, 1.238, 1.28, 1.322, 1.362, 1.399, 1.435, 1.467, 1.497, 1.524, 1.548, 1.569, 1.587, 1.603, 1.615, 1.626, 1.633, 1.639, 1.643
1042, 1, 1.001, 1.002, 0.985, 0.96, 0.951, 0.967, 1.009, 1.071, 1.145, 1.225, 1.264, 1.303, 1.34, 1.375, 1.408, 1.439, 1.466, 1.491, 1.513, 1.533, 1.549, 1.564, 1.575, 1.585, 1.592, 1.597, 1.601
1044, 1, 1.001, 1.002, 0.986, 0.962, 0.953, 0.969, 1.009, 1.069, 1.14, 1.217, 1.255, 1.292, 1.328, 1.361, 1.393, 1.422, 1.448, 1.472, 1.493, 1.512, 1.527, 1.541, 1.552, 1.561, 1.568, 1.573, 1.576
1047, 1, 1.001, 1.002, 0.987, 0.965, 0.957, 0.972, 1.009, 1.064, 1.13, 1.2, 1.235, 1.269, 1.301, 1.332, 1.361, 1.387, 1.411, 1.433, 1.452, 1.469, 1.483, 1.495, 1.505, 1.513, 1.519, 1.523, 1.526
1050, 1, 1.001, 1.002, 0.989, 0.97, 0.963, 0.976, 1.008, 1.056, 1.113, 1.173, 1.204, 1.233, 1.261, 1.288, 1.312, 1.335, 1.355, 1.374, 1.39, 1.404, 1.416, 1.426, 1.434, 1.441, 1.446, 1.449, 1.452
1056, 1, 1, 1.001, 0.999, 0.993, 0.988, 0.987, 0.991, 1.002, 1.017, 1.036, 1.046, 1.055, 1.065, 1.074, 1.083, 1.091, 1.098, 1.104, 1.109, 1.114, 1.118, 1.121, 1.124, 1.126, 1.127, 1.128, 1.129
1057, 1, 1, 1, 1.003, 1.001, 0.995, 0.987, 0.98, 0.977, 0.978, 0.983, 0.986, 0.99, 0.995, 0.999, 1.003, 1.007, 1.011, 1.015, 1.018, 1.021, 1.023, 1.025, 1.026, 1.028, 1.028, 1.029, 1.03
1059, 1, 0.999, 1, 1.018, 1.026, 1.009, 0.972, 0.923, 0.875, 0.834, 0.802, 0.791, 0.782, 0.776, 0.772, 0.77, 0.769, 0.77, 0.772, 0.775, 0.778, 0.781, 0.785, 0.788, 0.79, 0.793, 0.794, 0.796
1060, 1, 0.998, 1.002, 1.032, 1.041, 1.005, 0.934, 0.848, 0.766, 0.699, 0.654, 0.64, 0.632, 0.629, 0.63, 0.635, 0.643, 0.654, 0.667, 0.681, 0.695, 0.709, 0.722, 0.734, 0.744, 0.753, 0.759, 0.764
1063, 1, 1, 1.022, 1.019, 0.894, 0.72, 0.585, 0.547, 0.632, 0.839, 1.149, 1.335, 1.535, 1.747, 1.965, 2.186, 2.407, 2.623, 2.83, 3.028, 3.211, 3.378, 3.528, 3.657, 3.765, 3.85, 3.911, 3.961
1069, 1, 1.002, 1.009, 0.97, 0.897, 0.851, 0.867, 0.952, 1.098, 1.289, 1.508, 1.622, 1.737, 1.851, 1.962, 2.069, 2.171, 2.268, 2.357, 2.439, 2.513, 2.579, 2.636, 2.685, 2.725, 2.756, 2.778, 2.796
1070, 1, 1.002, 1.008, 0.971, 0.901, 0.86, 0.879, 0.962, 1.103, 1.285, 1.492, 1.6, 1.708, 1.815, 1.919, 2.019, 2.114, 2.204, 2.287, 2.362, 2.431, 2.492, 2.545, 2.589, 2.626, 2.655, 2.675, 2.691
1071, 1, 1.002, 1.007, 0.971, 0.905, 0.868, 0.887, 0.97, 1.106, 1.281, 1.479, 1.582, 1.684, 1.786, 1.884, 1.979, 2.069, 2.153, 2.231, 2.302, 2.366, 2.423, 2.472, 2.514, 2.548, 2.575, 2.594, 2.609
1074, 1, 1.002, 1.006, 0.972, 0.913, 0.882, 0.905, 0.983, 1.11, 1.27, 1.45, 1.542, 1.634, 1.724, 1.812, 1.896, 1.975, 2.049, 2.117, 2.179, 2.235, 2.285, 2.327, 2.363, 2.393, 2.416, 2.432, 2.445
1076, 1, 1.002, 1.006, 0.973, 0.917, 0.888, 0.912, 0.989, 1.111, 1.265, 1.436, 1.524, 1.612, 1.698, 1.781, 1.86, 1.935, 2.005, 2.069, 2.127, 2.18, 2.226, 2.266, 2.3, 2.327, 2.349, 2.364, 2.376
1078, 1, 1.002, 1.006, 0.973, 0.919, 0.893, 0.917, 0.992, 1.111, 1.261, 1.426, 1.511, 1.595, 1.678, 1.757, 1.833, 1.905, 1.972, 2.033, 2.089, 2.139, 2.183, 2.221, 2.253, 2.279, 2.299, 2.314, 2.325
1081, 1, 1.002, 1.005, 0.974, 0.922, 0.898, 0.922, 0.996, 1.112, 1.256, 1.415, 1.496, 1.577, 1.656, 1.732, 1.805, 1.873, 1.937, 1.995, 2.048, 2.095, 2.137, 2.173, 2.203, 2.228, 2.247, 2.26, 2.271
1084, 1, 1.002, 1.005, 0.974, 0.924, 0.901, 0.926, 0.999, 1.112, 1.252, 1.407, 1.486, 1.565, 1.641, 1.715, 1.785, 1.851, 1.912, 1.968, 2.019, 2.065, 2.105, 2.139, 2.168, 2.192, 2.21, 2.223, 2.233
1090, 1, 1.002, 1.005, 0.974, 0.927, 0.906, 0.931, 1.002, 1.112, 1.248, 1.398, 1.474, 1.549, 1.623, 1.693, 1.76, 1.824, 1.882, 1.935, 1.984, 2.027, 2.065, 2.098, 2.125, 2.148, 2.165, 2.177, 2.187
1094, 1, 1.002, 1.004, 0.974, 0.928, 0.908, 0.933, 1.004, 1.113, 1.247, 1.394, 1.469, 1.543, 1.615, 1.685, 1.751, 1.813, 1.87, 1.923, 1.97, 2.012, 2.05, 2.082, 2.108, 2.13, 2.147, 2.159, 2.169
1097, 1, 1.002, 1.004, 0.974, 0.928, 0.909, 0.934, 1.005, 1.113, 1.246, 1.393, 1.467, 1.54, 1.612, 1.681, 1.746, 1.807, 1.864, 1.916, 1.963, 2.005, 2.041, 2.073, 2.099, 2.121, 2.138, 2.149, 2.159
1101, 1, 1.002, 1.004, 0.974, 0.929, 0.91, 0.936, 1.006, 1.114, 1.246, 1.391, 1.465, 1.538, 1.609, 1.677, 1.741, 1.802, 1.858, 1.91, 1.956, 1.998, 2.034, 2.065, 2.091, 2.112, 2.129, 2.14, 2.15
1105, 1, 1.002, 1.004, 0.974, 0.929, 0.911, 0.937, 1.007, 1.115, 1.246, 1.391, 1.464, 1.536, 1.607, 1.675, 1.739, 1.799, 1.855, 1.906, 1.952, 1.993, 2.029, 2.06, 2.086, 2.107, 2.123, 2.135, 2.144
1114, 1, 1.002, 1.004, 0.974, 0.93, 0.912, 0.939, 1.009, 1.116, 1.248, 1.391, 1.464, 1.536, 1.606, 1.674, 1.738, 1.797, 1.853, 1.903, 1.949, 1.99, 2.025, 2.056, 2.082, 2.103, 2.119, 2.13, 2.139
1122, 1, 1.002, 1.004, 0.974, 0.93, 0.913, 0.94, 1.011, 1.118, 1.25, 1.393, 1.466, 1.538, 1.609, 1.676, 1.74, 1.8, 1.855, 1.906, 1.951, 1.992, 2.027, 2.058, 2.084, 2.104, 2.121, 2.132, 2.141
1134, 1, 1.002, 1.004, 0.973, 0.93, 0.913, 0.941, 1.013, 1.121, 1.254, 1.398, 1.472, 1.544, 1.615, 1.683, 1.747, 1.807, 1.863, 1.914, 1.96, 2.001, 2.036, 2.067, 2.093, 2.114, 2.13, 2.141, 2.15
1138, 1, 1.002, 1.004, 0.973, 0.929, 0.913, 0.941, 1.014, 1.122, 1.255, 1.4, 1.474, 1.547, 1.618, 1.686, 1.75, 1.81, 1.866, 1.917, 1.964, 2.005, 2.04, 2.071, 2.097, 2.118, 2.134, 2.146, 2.155
1146, 1, 1.002, 1.004, 0.973, 0.929, 0.913, 0.942, 1.015, 1.124, 1.258, 1.404, 1.479, 1.552, 1.623, 1.692, 1.757, 1.818, 1.874, 1.926, 1.972, 2.013, 2.049, 2.08, 2.106, 2.127, 2.144, 2.155, 2.164
1155, 1, 1.002, 1.004, 0.972, 0.928, 0.913, 0.942, 1.016, 1.127, 1.262, 1.409, 1.484, 1.558, 1.631, 1.7, 1.765, 1.827, 1.884, 1.936, 1.983, 2.025, 2.061, 2.092, 2.119, 2.14, 2.156, 2.168, 2.177
1162, 1, 1.002, 1.003, 0.972, 0.928, 0.913, 0.943, 1.017, 1.129, 1.265, 1.414, 1.489, 1.564, 1.637, 1.707, 1.773, 1.835, 1.892, 1.945, 1.992, 2.034, 2.071, 2.102, 2.129, 2.15, 2.167, 2.179, 2.188
1166, 1, 1.002, 1.003, 0.971, 0.928, 0.913, 0.943, 1.018, 1.13, 1.267, 1.416, 1.492, 1.567, 1.64, 1.71, 1.777, 1.839, 1.897, 1.95, 1.997, 2.04, 2.077, 2.108, 2.135, 2.156, 2.173, 2.185, 2.194
1180, 1, 1.002, 1.003, 0.971, 0.927, 0.912, 0.943, 1.02, 1.134, 1.273, 1.425, 1.502, 1.579, 1.653, 1.725, 1.793, 1.856, 1.915, 1.969, 2.017, 2.06, 2.098, 2.13, 2.158, 2.18, 2.197, 2.209, 2.218
1187, 1, 1.002, 1.003, 0.97, 0.926, 0.912, 0.944, 1.021, 1.136, 1.276, 1.43, 1.508, 1.585, 1.66, 1.732, 1.801, 1.865, 1.924, 1.979, 2.028, 2.071, 2.109, 2.142, 2.17, 2.192, 2.209, 2.221, 2.231
1194, 1, 1.002, 1.003, 0.97, 0.926, 0.912, 0.944, 1.022, 1.138, 1.28, 1.435, 1.513, 1.591, 1.667, 1.74, 1.809, 1.874, 1.934, 1.989, 2.038, 2.082, 2.121, 2.154, 2.182, 2.204, 2.221, 2.234, 2.244
1204, 1, 1.002, 1.003, 0.969, 0.925, 0.911, 0.944, 1.023, 1.141, 1.284, 1.442, 1.521, 1.6, 1.677, 1.751, 1.821, 1.887, 1.948, 2.004, 2.054, 2.099, 2.138, 2.171, 2.199, 2.222, 2.24, 2.252, 2.262
1210, 1, 1.002, 1.003, 0.969, 0.925, 0.911, 0.944, 1.024, 1.143, 1.287, 1.446, 1.526, 1.606, 1.683, 1.758, 1.829, 1.895, 1.957, 2.013, 2.063, 2.108, 2.148, 2.182, 2.21, 2.233, 2.251, 2.264, 2.274
1213, 1, 1.002, 1.003, 0.969, 0.924, 0.911, 0.944, 1.024, 1.143, 1.289, 1.448, 1.529, 1.609, 1.687, 1.761, 1.833, 1.899, 1.961, 2.017, 2.068, 2.114, 2.153, 2.187, 2.216, 2.239, 2.257, 2.269, 2.279
1217, 1, 1.002, 1.003, 0.968, 0.924, 0.911, 0.944, 1.025, 1.145, 1.291, 1.451, 1.532, 1.612, 1.691, 1.766, 1.838, 1.905, 1.967, 2.023, 2.075, 2.12, 2.16, 2.194, 2.223, 2.246, 2.264, 2.277, 2.287
1227, 1, 1.002, 1.003, 0.968, 0.923, 0.91, 0.945, 1.027, 1.148, 1.296, 1.458, 1.54, 1.622, 1.701, 1.778, 1.85, 1.918, 1.981, 2.039, 2.091, 2.137, 2.178, 2.212, 2.242, 2.265, 2.283, 2.296, 2.307
1234, 1, 1.002, 1.003, 0.967, 0.923, 0.91, 0.945, 1.028, 1.15, 1.299, 1.463, 1.546, 1.628, 1.708, 1.786, 1.859, 1.928, 1.992, 2.05, 2.102, 2.149, 2.19, 2.225, 2.255, 2.279, 2.297, 2.31, 2.321
1241, 1, 1.002, 1.002, 0.967, 0.922, 0.909, 0.945, 1.029, 1.152, 1.303, 1.468, 1.552, 1.635, 1.716, 1.794, 1.868, 1.938, 2.002, 2.061, 2.114, 2.161, 2.203, 2.238, 2.268, 2.292, 2.311, 2.324, 2.334
1250, 1, 1.002, 1.002, 0.966, 0.922, 0.909, 0.945, 1.03, 1.155, 1.307, 1.474, 1.559, 1.643, 1.726, 1.804, 1.88, 1.95, 2.015, 2.075, 2.129, 2.177, 2.219, 2.255, 2.285, 2.309, 2.328, 2.342, 2.352
1261, 1, 1.002, 1.002, 0.966, 0.921, 0.909, 0.946, 1.032, 1.158, 1.313, 1.482, 1.568, 1.654, 1.737, 1.817, 1.894, 1.965, 2.031, 2.092, 2.147, 2.196, 2.238, 2.275, 2.306, 2.331, 2.35, 2.363, 2.374
1267, 1, 1.002, 1.002, 0.965, 0.92, 0.908, 0.946, 1.032, 1.16, 1.316, 1.486, 1.573, 1.659, 1.744, 1.825, 1.901, 1.974, 2.04, 2.102, 2.157, 2.206, 2.249, 2.286, 2.317, 2.342, 2.362, 2.375, 2.386
1275, 1, 1.002, 1.002, 0.965, 0.92, 0.908, 0.946, 1.034, 1.162, 1.32, 1.492, 1.58, 1.667, 1.752, 1.834, 1.912, 1.985, 2.052, 2.114, 2.17, 2.22, 2.263, 2.301, 2.332, 2.358, 2.377, 2.391, 2.402
1285, 1, 1.002, 1.002, 0.964, 0.919, 0.908, 0.946, 1.035, 1.165, 1.325, 1.499, 1.588, 1.677, 1.763, 1.846, 1.925, 1.998, 2.067, 2.13, 2.187, 2.237, 2.281, 2.319, 2.351, 2.377, 2.397, 2.411, 2.422
1292, 1, 1.002, 1.002, 0.964, 0.918, 0.907, 0.947, 1.036, 1.168, 1.328, 1.504, 1.594, 1.683, 1.77, 1.854, 1.933, 2.008, 2.077, 2.141, 2.198, 2.249, 2.294, 2.332, 2.364, 2.39, 2.41, 2.425, 2.436
1300, 1, 1.002, 1.002, 0.963, 0.918, 0.907, 0.947, 1.037, 1.17, 1.332, 1.51, 1.601, 1.691, 1.778, 1.863, 1.944, 2.019, 2.089, 2.153, 2.211, 2.263, 2.308, 2.347, 2.379, 2.406, 2.426, 2.441, 2.452
1308, 1, 1.002, 1.002, 0.963, 0.917, 0.907, 0.947, 1.039, 1.172, 1.336, 1.516, 1.607, 1.698, 1.787, 1.872, 1.954, 2.03, 2.101, 2.165, 2.224, 2.276, 2.322, 2.361, 2.394, 2.421, 2.441, 2.456, 2.468
1316, 1, 1.003, 1.002, 0.963, 0.917, 0.906, 0.948, 1.04, 1.175, 1.34, 1.521, 1.614, 1.705, 1.795, 1.881, 1.963, 2.041, 2.112, 2.178, 2.237, 2.289, 2.336, 2.375, 2.409, 2.436, 2.457, 2.471, 2.483
1325, 1, 1.003, 1.001, 0.962, 0.916, 0.906, 0.948, 1.041, 1.178, 1.344, 1.527, 1.621, 1.714, 1.804, 1.891, 1.974, 2.052, 2.125, 2.191, 2.251, 2.304, 2.351, 2.391, 2.425, 2.452, 2.473, 2.488, 2.5
1332, 1, 1.003, 1.001, 0.962, 0.916, 0.906, 0.948, 1.042, 1.18, 1.348, 1.532, 1.626, 1.72, 1.811, 1.899, 1.983, 2.061, 2.134, 2.201, 2.262, 2.316, 2.363, 2.403, 2.437, 2.465, 2.486, 2.501, 2.513
1341, 1, 1.003, 1.001, 0.961, 0.915, 0.906, 0.949, 1.044, 1.183, 1.352, 1.538, 1.633, 1.728, 1.82, 1.909, 1.993, 2.073, 2.147, 2.214, 2.275, 2.33, 2.377, 2.418, 2.453, 2.481, 2.502, 2.518, 2.53
1347, 1, 1.003, 1.001, 0.961, 0.915, 0.906, 0.949, 1.045, 1.184, 1.355, 1.542, 1.638, 1.733, 1.825, 1.915, 2, 2.08, 2.155, 2.223, 2.284, 2.339, 2.387, 2.429, 2.463, 2.491, 2.513, 2.528, 2.541
1356, 1, 1.003, 1.001, 0.96, 0.915, 0.906, 0.95, 1.046, 1.187, 1.359, 1.548, 1.644, 1.74, 1.834, 1.924, 2.01, 2.091, 2.166, 2.235, 2.297, 2.353, 2.401, 2.443, 2.478, 2.506, 2.528, 2.544, 2.556
1366, 1, 1.003, 1.001, 0.96, 0.914, 0.905, 0.95, 1.048, 1.19, 1.363, 1.554, 1.651, 1.748, 1.843, 1.934, 2.021, 2.103, 2.179, 2.248, 2.311, 2.367, 2.416, 2.458, 2.494, 2.523, 2.545, 2.561, 2.573
1373, 1, 1.003, 1.001, 0.96, 0.914, 0.905, 0.951, 1.049, 1.192, 1.366, 1.558, 1.656, 1.753, 1.849, 1.941, 2.028, 2.11, 2.187, 2.257, 2.32, 2.377, 2.426, 2.469, 2.504, 2.533, 2.556, 2.572, 2.584
1383, 1, 1.003, 1, 0.959, 0.913, 0.906, 0.951, 1.05, 1.195, 1.37, 1.564, 1.663, 1.761, 1.857, 1.949, 2.038, 2.121, 2.198, 2.268, 2.333, 2.389, 2.439, 2.482, 2.518, 2.548, 2.57, 2.587, 2.599
1387, 1, 1.003, 1, 0.959, 0.913, 0.906, 0.952, 1.051, 1.196, 1.372, 1.566, 1.665, 1.763, 1.86, 1.953, 2.041, 2.125, 2.202, 2.273, 2.337, 2.394, 2.445, 2.488, 2.524, 2.553, 2.576, 2.592, 2.605
1397, 1, 1.003, 1, 0.959, 0.913, 0.906, 0.952, 1.053, 1.198, 1.376, 1.571, 1.671, 1.77, 1.867, 1.961, 2.05, 2.134, 2.212, 2.283, 2.348, 2.406, 2.456, 2.5, 2.536, 2.566, 2.589, 2.605, 2.618
1405, 1, 1.003, 1, 0.958, 0.913, 0.906, 0.953, 1.054, 1.2, 1.378, 1.575, 1.675, 1.774, 1.872, 1.966, 2.056, 2.14, 2.219, 2.29, 2.356, 2.413, 2.464, 2.508, 2.545, 2.575, 2.598, 2.614, 2.627
1412, 1, 1.003, 1, 0.958, 0.913, 0.906, 0.954, 1.055, 1.202, 1.381, 1.577, 1.678, 1.778, 1.876, 1.97, 2.06, 2.145, 2.224, 2.296, 2.361, 2.42, 2.471, 2.515, 2.552, 2.582, 2.605, 2.621, 2.634
1419, 1, 1.003, 1, 0.958, 0.913, 0.907, 0.955, 1.056, 1.203, 1.383, 1.58, 1.681, 1.781, 1.879, 1.974, 2.064, 2.149, 2.228, 2.3, 2.366, 2.425, 2.476, 2.52, 2.557, 2.587, 2.61, 2.627, 2.64
1431, 1, 1.003, 1, 0.958, 0.913, 0.907, 0.956, 1.058, 1.206, 1.385, 1.583, 1.684, 1.784, 1.883, 1.978, 2.069, 2.154, 2.233, 2.306, 2.372, 2.43, 2.482, 2.526, 2.563, 2.594, 2.617, 2.633, 2.647
1435, 1, 1.003, 1, 0.958, 0.913, 0.908, 0.956, 1.059, 1.206, 1.386, 1.583, 1.685, 1.785, 1.884, 1.979, 2.069, 2.155, 2.234, 2.307, 2.372, 2.431, 2.483, 2.527, 2.564, 2.595, 2.618, 2.635, 2.648
1438, 1, 1.003, 1, 0.958, 0.913, 0.908, 0.957, 1.059, 1.206, 1.386, 1.584, 1.685, 1.786, 1.884, 1.979, 2.07, 2.155, 2.234, 2.307, 2.373, 2.431, 2.483, 2.527, 2.565, 2.595, 2.618, 2.635, 2.648
1445, 1, 1.003, 1, 0.958, 0.914, 0.909, 0.958, 1.06, 1.207, 1.387, 1.584, 1.685, 1.786, 1.884, 1.979, 2.069, 2.155, 2.234, 2.306, 2.372, 2.431, 2.482, 2.527, 2.564, 2.594, 2.618, 2.634, 2.647
1453, 1, 1.003, 0.999, 0.958, 0.914, 0.91, 0.959, 1.061, 1.208, 1.387, 1.583, 1.684, 1.784, 1.882, 1.977, 2.067, 2.152, 2.231, 2.303, 2.369, 2.427, 2.479, 2.523, 2.56, 2.59, 2.613, 2.63, 2.643
1459, 1, 1.003, 0.999, 0.958, 0.915, 0.911, 0.96, 1.062, 1.208, 1.386, 1.582, 1.682, 1.782, 1.879, 1.974, 2.063, 2.148, 2.227, 2.299, 2.364, 2.422, 2.473, 2.517, 2.554, 2.584, 2.608, 2.624, 2.637
1462, 1, 1.003, 0.999, 0.958, 0.915, 0.911, 0.96, 1.062, 1.208, 1.385, 1.581, 1.681, 1.78, 1.877, 1.971, 2.061, 2.145, 2.224, 2.296, 2.361, 2.419, 2.47, 2.514, 2.551, 2.58, 2.604, 2.62, 2.633
1466, 1, 1.002, 0.999, 0.958, 0.916, 0.912, 0.961, 1.062, 1.208, 1.384, 1.579, 1.678, 1.777, 1.874, 1.968, 2.057, 2.141, 2.219, 2.29, 2.355, 2.413, 2.464, 2.508, 2.544, 2.574, 2.597, 2.614, 2.627
1470, 1, 1.002, 0.999, 0.958, 0.916, 0.913, 0.962, 1.062, 1.207, 1.383, 1.576, 1.675, 1.773, 1.87, 1.963, 2.052, 2.135, 2.213, 2.284, 2.349, 2.406, 2.457, 2.5, 2.537, 2.566, 2.589, 2.606, 2.619
1477, 1, 1.002, 0.999, 0.959, 0.918, 0.915, 0.963, 1.063, 1.205, 1.379, 1.57, 1.668, 1.765, 1.86, 1.952, 2.04, 2.122, 2.199, 2.269, 2.333, 2.39, 2.44, 2.483, 2.519, 2.548, 2.571, 2.587, 2.6
1484, 1, 1.002, 0.999, 0.959, 0.919, 0.917, 0.964, 1.062, 1.203, 1.373, 1.561, 1.657, 1.753, 1.847, 1.937, 2.023, 2.104, 2.18, 2.249, 2.312, 2.368, 2.417, 2.459, 2.494, 2.523, 2.546, 2.562, 2.574
1493, 1, 1.002, 0.999, 0.961, 0.922, 0.92, 0.966, 1.061, 1.196, 1.362, 1.544, 1.637, 1.73, 1.821, 1.909, 1.993, 2.071, 2.145, 2.212, 2.273, 2.327, 2.375, 2.416, 2.45, 2.479, 2.5, 2.516, 2.528
1500, 1, 1.002, 0.999, 0.962, 0.925, 0.922, 0.967, 1.058, 1.189, 1.349, 1.525, 1.615, 1.705, 1.793, 1.878, 1.959, 2.036, 2.107, 2.172, 2.231, 2.284, 2.33, 2.37, 2.404, 2.431, 2.452, 2.467, 2.479
1506, 1, 1.002, 0.999, 0.964, 0.928, 0.925, 0.967, 1.054, 1.179, 1.333, 1.502, 1.589, 1.676, 1.761, 1.843, 1.922, 1.996, 2.064, 2.127, 2.185, 2.236, 2.281, 2.319, 2.352, 2.378, 2.399, 2.413, 2.425
1508, 1, 1.002, 0.999, 0.964, 0.929, 0.926, 0.967, 1.052, 1.175, 1.326, 1.493, 1.579, 1.664, 1.748, 1.829, 1.907, 1.98, 2.048, 2.11, 2.167, 2.217, 2.261, 2.3, 2.332, 2.358, 2.378, 2.393, 2.404
1513, 1, 1.002, 0.999, 0.966, 0.933, 0.928, 0.966, 1.045, 1.162, 1.306, 1.466, 1.548, 1.63, 1.711, 1.789, 1.864, 1.934, 2, 2.061, 2.115, 2.164, 2.207, 2.244, 2.276, 2.301, 2.321, 2.335, 2.346
1520, 1, 1.002, 1, 0.97, 0.938, 0.931, 0.961, 1.03, 1.135, 1.266, 1.414, 1.491, 1.568, 1.643, 1.717, 1.788, 1.855, 1.918, 1.975, 2.028, 2.075, 2.116, 2.152, 2.182, 2.207, 2.226, 2.24, 2.251
1527, 1, 1.002, 1.001, 0.976, 0.944, 0.93, 0.949, 1.003, 1.091, 1.207, 1.342, 1.413, 1.485, 1.556, 1.627, 1.695, 1.759, 1.82, 1.877, 1.928, 1.975, 2.016, 2.052, 2.083, 2.108, 2.127, 2.141, 2.152
1529, 1, 1.002, 1.001, 0.978, 0.945, 0.929, 0.943, 0.991, 1.074, 1.186, 1.317, 1.387, 1.458, 1.529, 1.599, 1.667, 1.731, 1.792, 1.849, 1.902, 1.949, 1.991, 2.027, 2.058, 2.084, 2.104, 2.118, 2.129
1531, 1, 1.002, 1.002, 0.979, 0.946, 0.926, 0.935, 0.978, 1.055, 1.162, 1.291, 1.36, 1.43, 1.501, 1.571, 1.64, 1.705, 1.767, 1.825, 1.879, 1.927, 1.97, 2.008, 2.04, 2.066, 2.087, 2.102, 2.113
1534, 1, 1.002, 1.003, 0.982, 0.947, 0.92, 0.919, 0.953, 1.022, 1.124, 1.25, 1.319, 1.39, 1.463, 1.535, 1.606, 1.674, 1.739, 1.8, 1.857, 1.909, 1.955, 1.996, 2.031, 2.059, 2.082, 2.098, 2.11
1538, 1, 1.002, 1.004, 0.986, 0.945, 0.906, 0.89, 0.91, 0.971, 1.07, 1.2, 1.273, 1.35, 1.429, 1.509, 1.588, 1.665, 1.739, 1.81, 1.876, 1.936, 1.991, 2.039, 2.08, 2.114, 2.141, 2.16, 2.175
1545, 1, 1.002, 1.009, 0.987, 0.924, 0.855, 0.813, 0.821, 0.887, 1.011, 1.185, 1.286, 1.394, 1.506, 1.621, 1.737, 1.851, 1.962, 2.069, 2.169, 2.261, 2.346, 2.42, 2.485, 2.539, 2.581, 2.611, 2.636
1549, 1, 1.003, 1.01, 0.981, 0.9, 0.816, 0.768, 0.783, 0.874, 1.036, 1.26, 1.39, 1.528, 1.672, 1.82, 1.968, 2.114, 2.256, 2.393, 2.521, 2.64, 2.748, 2.844, 2.927, 2.996, 3.05, 3.09, 3.121
1552, 1, 1.004, 1.011, 0.974, 0.881, 0.789, 0.745, 0.775, 0.891, 1.09, 1.357, 1.51, 1.672, 1.841, 2.013, 2.185, 2.355, 2.52, 2.677, 2.826, 2.963, 3.088, 3.199, 3.295, 3.374, 3.437, 3.482, 3.518
1555, 1, 1.004, 1.011, 0.965, 0.864, 0.771, 0.735, 0.785, 0.929, 1.163, 1.469, 1.642, 1.825, 2.014, 2.205, 2.397, 2.586, 2.768, 2.943, 3.107, 3.258, 3.395, 3.517, 3.622, 3.709, 3.778, 3.827, 3.867
1558, 1, 1.005, 1.01, 0.957, 0.851, 0.761, 0.738, 0.808, 0.978, 1.24, 1.576, 1.764, 1.961, 2.164, 2.369, 2.574, 2.774, 2.968, 3.153, 3.326, 3.486, 3.63, 3.758, 3.869, 3.96, 4.032, 4.084, 4.125
1559, 1, 1.005, 1.01, 0.955, 0.848, 0.76, 0.741, 0.817, 0.994, 1.264, 1.608, 1.8, 2.001, 2.207, 2.415, 2.622, 2.825, 3.021, 3.208, 3.383, 3.544, 3.69, 3.82, 3.931, 4.023, 4.096, 4.148, 4.19
1564, 1, 1.005, 1.008, 0.945, 0.838, 0.762, 0.764, 0.866, 1.072, 1.368, 1.735, 1.937, 2.147, 2.361, 2.576, 2.789, 2.996, 3.196, 3.385, 3.563, 3.725, 3.873, 4.002, 4.114, 4.207, 4.279, 4.331, 4.373
1567, 1, 1.005, 1.006, 0.941, 0.837, 0.767, 0.78, 0.894, 1.109, 1.414, 1.786, 1.99, 2.2, 2.414, 2.629, 2.84, 3.046, 3.244, 3.432, 3.607, 3.767, 3.912, 4.04, 4.15, 4.241, 4.312, 4.363, 4.405
1572, 1, 1.005, 1.005, 0.937, 0.837, 0.779, 0.805, 0.932, 1.157, 1.468, 1.841, 2.043, 2.251, 2.461, 2.671, 2.878, 3.079, 3.271, 3.453, 3.622, 3.777, 3.917, 4.04, 4.145, 4.233, 4.301, 4.35, 4.39
1576, 1, 1.005, 1.004, 0.935, 0.839, 0.787, 0.822, 0.955, 1.185, 1.496, 1.866, 2.066, 2.27, 2.477, 2.682, 2.884, 3.08, 3.267, 3.443, 3.608, 3.758, 3.893, 4.012, 4.114, 4.199, 4.265, 4.313, 4.351
1582, 1, 1.005, 1.002, 0.934, 0.842, 0.799, 0.842, 0.982, 1.214, 1.523, 1.887, 2.082, 2.281, 2.481, 2.68, 2.875, 3.064, 3.244, 3.413, 3.571, 3.715, 3.844, 3.958, 4.056, 4.136, 4.2, 4.245, 4.281
1588, 1, 1.005, 1.002, 0.933, 0.846, 0.809, 0.857, 1.001, 1.234, 1.54, 1.897, 2.088, 2.282, 2.477, 2.67, 2.859, 3.042, 3.216, 3.38, 3.532, 3.671, 3.795, 3.905, 3.999, 4.077, 4.137, 4.181, 4.216
1592, 1, 1.004, 1.001, 0.933, 0.848, 0.814, 0.866, 1.011, 1.244, 1.548, 1.901, 2.089, 2.28, 2.472, 2.662, 2.848, 3.027, 3.198, 3.359, 3.508, 3.644, 3.766, 3.873, 3.965, 4.041, 4.101, 4.144, 4.178
1598, 1, 1.004, 1, 0.933, 0.85, 0.821, 0.875, 1.023, 1.255, 1.556, 1.904, 2.088, 2.276, 2.465, 2.651, 2.832, 3.007, 3.174, 3.331, 3.476, 3.609, 3.728, 3.833, 3.923, 3.997, 4.055, 4.096, 4.13
1602, 1, 1.004, 1, 0.932, 0.852, 0.824, 0.881, 1.029, 1.261, 1.56, 1.905, 2.088, 2.274, 2.46, 2.644, 2.823, 2.996, 3.161, 3.315, 3.459, 3.59, 3.707, 3.811, 3.899, 3.972, 4.029, 4.071, 4.104
1610, 1, 1.004, 1, 0.932, 0.854, 0.83, 0.89, 1.039, 1.27, 1.566, 1.907, 2.086, 2.269, 2.452, 2.632, 2.808, 2.977, 3.139, 3.29, 3.431, 3.559, 3.674, 3.775, 3.862, 3.934, 3.99, 4.03, 4.063
1617, 1, 1.004, 0.999, 0.932, 0.856, 0.834, 0.896, 1.046, 1.276, 1.571, 1.908, 2.086, 2.266, 2.446, 2.624, 2.798, 2.965, 3.124, 3.274, 3.413, 3.54, 3.653, 3.754, 3.84, 3.91, 3.966, 4.006, 4.038
1624, 1, 1.004, 0.999, 0.932, 0.857, 0.837, 0.9, 1.052, 1.281, 1.574, 1.909, 2.085, 2.264, 2.443, 2.619, 2.791, 2.957, 3.114, 3.263, 3.4, 3.526, 3.639, 3.739, 3.824, 3.895, 3.95, 3.99, 4.022
1629, 1, 1.004, 0.999, 0.932, 0.858, 0.839, 0.903, 1.055, 1.285, 1.577, 1.91, 2.085, 2.263, 2.441, 2.616, 2.787, 2.952, 3.109, 3.257, 3.394, 3.519, 3.632, 3.732, 3.817, 3.887, 3.943, 3.982, 4.014
1636, 1, 1.004, 0.998, 0.932, 0.859, 0.842, 0.907, 1.059, 1.289, 1.58, 1.911, 2.086, 2.263, 2.439, 2.614, 2.784, 2.948, 3.104, 3.252, 3.388, 3.514, 3.626, 3.726, 3.811, 3.882, 3.937, 3.977, 4.009
1641, 1, 1.004, 0.998, 0.932, 0.859, 0.843, 0.909, 1.062, 1.291, 1.582, 1.913, 2.087, 2.263, 2.439, 2.613, 2.783, 2.946, 3.103, 3.249, 3.386, 3.512, 3.625, 3.724, 3.81, 3.881, 3.937, 3.977, 4.009
1647, 1, 1.004, 0.998, 0.931, 0.86, 0.844, 0.911, 1.065, 1.294, 1.584, 1.914, 2.088, 2.263, 2.439, 2.613, 2.782, 2.946, 3.102, 3.249, 3.386, 3.511, 3.625, 3.725, 3.811, 3.883, 3.939, 3.979, 4.012
1650, 1, 1.004, 0.998, 0.931, 0.86, 0.845, 0.912, 1.066, 1.296, 1.586, 1.915, 2.088, 2.264, 2.439, 2.613, 2.782, 2.946, 3.102, 3.249, 3.386, 3.512, 3.626, 3.726, 3.813, 3.885, 3.941, 3.982, 4.015
1654, 1, 1.004, 0.998, 0.931, 0.86, 0.845, 0.913, 1.067, 1.297, 1.587, 1.916, 2.089, 2.265, 2.44, 2.613, 2.783, 2.946, 3.102, 3.25, 3.387, 3.514, 3.628, 3.729, 3.816, 3.889, 3.946, 3.987, 4.02
1661, 1, 1.004, 0.998, 0.931, 0.86, 0.846, 0.915, 1.07, 1.3, 1.59, 1.918, 2.091, 2.266, 2.442, 2.615, 2.784, 2.948, 3.105, 3.253, 3.391, 3.519, 3.634, 3.737, 3.825, 3.898, 3.956, 3.998, 4.032
1667, 1, 1.004, 0.997, 0.93, 0.86, 0.847, 0.917, 1.072, 1.303, 1.592, 1.921, 2.093, 2.268, 2.443, 2.616, 2.786, 2.95, 3.108, 3.257, 3.396, 3.525, 3.642, 3.746, 3.835, 3.91, 3.969, 4.012, 4.046
1670, 1, 1.004, 0.997, 0.93, 0.86, 0.847, 0.918, 1.073, 1.304, 1.593, 1.921, 2.094, 2.269, 2.444, 2.617, 2.787, 2.952, 3.11, 3.259, 3.4, 3.529, 3.647, 3.751, 3.842, 3.917, 3.977, 4.02, 4.054
1673, 1, 1.004, 0.997, 0.93, 0.86, 0.847, 0.918, 1.074, 1.305, 1.594, 1.922, 2.095, 2.27, 2.445, 2.619, 2.788, 2.954, 3.112, 3.262, 3.403, 3.533, 3.652, 3.757, 3.849, 3.925, 3.985, 4.029, 4.064
1677, 1, 1.004, 0.997, 0.93, 0.859, 0.848, 0.919, 1.075, 1.307, 1.596, 1.924, 2.096, 2.271, 2.446, 2.62, 2.79, 2.956, 3.115, 3.266, 3.408, 3.54, 3.66, 3.766, 3.859, 3.937, 3.998, 4.042, 4.078
1681, 1, 1.004, 0.997, 0.929, 0.859, 0.848, 0.92, 1.077, 1.308, 1.597, 1.925, 2.097, 2.272, 2.448, 2.622, 2.792, 2.958, 3.119, 3.271, 3.414, 3.547, 3.668, 3.777, 3.871, 3.95, 4.012, 4.058, 4.094
1690, 1, 1.004, 0.997, 0.928, 0.858, 0.848, 0.921, 1.079, 1.311, 1.6, 1.928, 2.1, 2.275, 2.45, 2.625, 2.797, 2.965, 3.128, 3.283, 3.43, 3.568, 3.693, 3.806, 3.905, 3.988, 4.053, 4.101, 4.14
1695, 1, 1.004, 0.997, 0.928, 0.858, 0.848, 0.922, 1.081, 1.313, 1.602, 1.929, 2.101, 2.276, 2.452, 2.627, 2.8, 2.97, 3.134, 3.292, 3.442, 3.582, 3.711, 3.827, 3.929, 4.015, 4.083, 4.133, 4.173
1704, 1, 1.004, 0.997, 0.927, 0.856, 0.847, 0.923, 1.083, 1.316, 1.604, 1.93, 2.102, 2.277, 2.453, 2.63, 2.805, 2.978, 3.147, 3.311, 3.468, 3.616, 3.753, 3.877, 3.987, 4.08, 4.154, 4.209, 4.253
1711, 1, 1.004, 0.997, 0.925, 0.854, 0.846, 0.923, 1.085, 1.318, 1.605, 1.929, 2.101, 2.276, 2.453, 2.631, 2.809, 2.987, 3.161, 3.332, 3.497, 3.654, 3.801, 3.935, 4.054, 4.156, 4.238, 4.298, 4.346
1716, 1, 1.004, 0.997, 0.924, 0.852, 0.845, 0.924, 1.086, 1.319, 1.605, 1.927, 2.098, 2.273, 2.451, 2.631, 2.812, 2.994, 3.175, 3.353, 3.526, 3.693, 3.85, 3.995, 4.124, 4.235, 4.325, 4.391, 4.445
1719, 1, 1.004, 0.996, 0.923, 0.851, 0.844, 0.924, 1.087, 1.32, 1.604, 1.925, 2.095, 2.27, 2.449, 2.631, 2.814, 3, 3.185, 3.369, 3.55, 3.725, 3.89, 4.044, 4.182, 4.3, 4.396, 4.467, 4.525
1725, 1, 1.005, 0.996, 0.92, 0.846, 0.842, 0.925, 1.09, 1.321, 1.601, 1.918, 2.086, 2.261, 2.442, 2.628, 2.82, 3.017, 3.218, 3.422, 3.625, 3.825, 4.018, 4.199, 4.363, 4.505, 4.622, 4.708, 4.779
1732, 1, 1.005, 0.996, 0.912, 0.837, 0.838, 0.929, 1.096, 1.321, 1.59, 1.895, 2.062, 2.239, 2.428, 2.63, 2.847, 3.079, 3.325, 3.584, 3.852, 4.124, 4.393, 4.651, 4.889, 5.099, 5.272, 5.402, 5.509
1733, 1, 1.005, 0.995, 0.91, 0.834, 0.838, 0.931, 1.098, 1.321, 1.587, 1.89, 2.056, 2.234, 2.426, 2.633, 2.857, 3.099, 3.358, 3.633, 3.918, 4.21, 4.5, 4.779, 5.037, 5.266, 5.455, 5.597, 5.714
1734, 1, 1.005, 0.995, 0.907, 0.832, 0.838, 0.933, 1.1, 1.321, 1.583, 1.884, 2.05, 2.23, 2.425, 2.639, 2.872, 3.126, 3.401, 3.695, 4.003, 4.319, 4.634, 4.94, 5.224, 5.476, 5.685, 5.841, 5.971
1735, 1, 1.006, 0.994, 0.904, 0.829, 0.838, 0.935, 1.103, 1.321, 1.579, 1.877, 2.044, 2.226, 2.427, 2.648, 2.893, 3.163, 3.458, 3.776, 4.112, 4.459, 4.808, 5.147, 5.463, 5.745, 5.978, 6.154, 6.3
1737, 1, 1.006, 0.993, 0.896, 0.823, 0.84, 0.945, 1.111, 1.321, 1.57, 1.865, 2.035, 2.227, 2.443, 2.688, 2.969, 3.285, 3.64, 4.031, 4.451, 4.892, 5.34, 5.781, 6.196, 6.567, 6.877, 7.111, 7.305
1738, 1, 1.006, 0.991, 0.89, 0.82, 0.844, 0.952, 1.116, 1.321, 1.567, 1.864, 2.038, 2.237, 2.466, 2.73, 3.035, 3.387, 3.786, 4.23, 4.714, 5.227, 5.753, 6.273, 6.766, 7.209, 7.581, 7.862, 8.096
1739, 1, 1.006, 0.989, 0.883, 0.817, 0.851, 0.962, 1.123, 1.324, 1.571, 1.875, 2.057, 2.267, 2.51, 2.796, 3.132, 3.526, 3.982, 4.498, 5.069, 5.682, 6.318, 6.954, 7.561, 8.111, 8.575, 8.927, 9.221
1740, 1, 1.006, 0.985, 0.873, 0.816, 0.86, 0.973, 1.131, 1.336, 1.599, 1.926, 2.119, 2.339, 2.595, 2.9, 3.267, 3.708, 4.234, 4.848, 5.545, 6.313, 7.127, 7.955, 8.759, 9.495, 10.121, 10.599, 11.001
1741, 1, 1.006, 0.978, 0.855, 0.813, 0.87, 0.979, 1.14, 1.393, 1.745, 2.154, 2.368, 2.591, 2.839, 3.134, 3.507, 3.992, 4.619, 5.41, 6.373, 7.495, 8.742, 10.059, 11.377, 12.613, 13.684, 14.513, 15.216
1742.1, 1, 0.998, 0.952, 0.889, 0.932, 0.981, 1.028, 1.214, 1.699, 2.502, 3.442, 3.882, 4.274, 4.623, 4.956, 5.329, 5.814, 6.491, 7.434, 8.691, 10.275, 12.153, 14.244, 16.423, 18.535, 20.41, 21.887, 23.158
1743, 1, 0.998, 0.977, 0.945, 0.951, 0.977, 1.035, 1.161, 1.406, 1.818, 2.41, 2.764, 3.145, 3.542, 3.944, 4.343, 4.731, 5.105, 5.464, 5.809, 6.14, 6.457, 6.759, 7.038, 7.287, 7.497, 7.656, 7.789
1744, 1, 1, 0.983, 0.945, 0.933, 0.952, 1.01, 1.132, 1.35, 1.698, 2.197, 2.498, 2.825, 3.169, 3.518, 3.859, 4.182, 4.475, 4.732, 4.949, 5.124, 5.259, 5.359, 5.429, 5.475, 5.503, 5.519, 5.53
1745, 1, 1, 0.986, 0.946, 0.925, 0.935, 0.991, 1.116, 1.339, 1.681, 2.15, 2.425, 2.719, 3.022, 3.324, 3.614, 3.882, 4.118, 4.316, 4.473, 4.588, 4.665, 4.708, 4.725, 4.724, 4.713, 4.7, 4.686
1746, 1, 1.001, 0.988, 0.946, 0.917, 0.921, 0.976, 1.107, 1.336, 1.677, 2.127, 2.385, 2.655, 2.928, 3.196, 3.449, 3.677, 3.873, 4.032, 4.151, 4.232, 4.276, 4.292, 4.284, 4.263, 4.237, 4.212, 4.188
1747, 1, 1.001, 0.99, 0.946, 0.911, 0.91, 0.965, 1.1, 1.334, 1.675, 2.111, 2.355, 2.608, 2.861, 3.105, 3.332, 3.534, 3.704, 3.838, 3.935, 3.996, 4.024, 4.025, 4.007, 3.978, 3.945, 3.915, 3.889
1748, 1, 1.001, 0.991, 0.945, 0.905, 0.901, 0.957, 1.096, 1.334, 1.673, 2.098, 2.332, 2.572, 2.81, 3.038, 3.248, 3.433, 3.586, 3.706, 3.79, 3.841, 3.861, 3.857, 3.835, 3.803, 3.769, 3.739, 3.712
1749, 1, 1.002, 0.992, 0.944, 0.9, 0.894, 0.951, 1.093, 1.334, 1.671, 2.087, 2.313, 2.544, 2.771, 2.988, 3.186, 3.359, 3.503, 3.614, 3.692, 3.738, 3.755, 3.75, 3.728, 3.698, 3.665, 3.636, 3.611
1750, 1, 1.002, 0.993, 0.943, 0.896, 0.888, 0.946, 1.091, 1.333, 1.669, 2.078, 2.298, 2.522, 2.741, 2.95, 3.14, 3.306, 3.443, 3.55, 3.624, 3.669, 3.686, 3.682, 3.663, 3.635, 3.605, 3.579, 3.555
1751, 1, 1.002, 0.993, 0.942, 0.893, 0.884, 0.943, 1.09, 1.333, 1.667, 2.07, 2.286, 2.504, 2.718, 2.92, 3.104, 3.265, 3.399, 3.503, 3.577, 3.622, 3.641, 3.64, 3.623, 3.599, 3.572, 3.548, 3.527
1752, 1, 1.002, 0.993, 0.941, 0.89, 0.88, 0.94, 1.089, 1.333, 1.665, 2.063, 2.276, 2.49, 2.699, 2.896, 3.077, 3.235, 3.366, 3.469, 3.543, 3.589, 3.611, 3.613, 3.6, 3.58, 3.556, 3.535, 3.516
1753, 1, 1.002, 0.994, 0.94, 0.887, 0.877, 0.938, 1.089, 1.333, 1.664, 2.058, 2.267, 2.478, 2.683, 2.878, 3.055, 3.211, 3.341, 3.444, 3.518, 3.567, 3.591, 3.597, 3.588, 3.571, 3.551, 3.532, 3.515
1754, 1, 1.002, 0.994, 0.94, 0.885, 0.874, 0.936, 1.088, 1.333, 1.663, 2.053, 2.26, 2.468, 2.671, 2.862, 3.038, 3.192, 3.321, 3.424, 3.5, 3.551, 3.579, 3.587, 3.583, 3.569, 3.552, 3.536, 3.521
1756, 1, 1.003, 0.994, 0.938, 0.881, 0.87, 0.934, 1.087, 1.333, 1.661, 2.046, 2.249, 2.453, 2.651, 2.839, 3.012, 3.164, 3.294, 3.398, 3.478, 3.533, 3.566, 3.582, 3.584, 3.577, 3.566, 3.554, 3.543
1763, 1, 1.003, 0.995, 0.935, 0.873, 0.861, 0.928, 1.086, 1.334, 1.657, 2.032, 2.229, 2.425, 2.617, 2.8, 2.969, 3.122, 3.254, 3.366, 3.456, 3.525, 3.574, 3.607, 3.627, 3.637, 3.64, 3.64, 3.639
1769, 1, 1.003, 0.995, 0.933, 0.869, 0.856, 0.924, 1.085, 1.334, 1.657, 2.028, 2.222, 2.416, 2.606, 2.788, 2.957, 3.111, 3.246, 3.362, 3.459, 3.535, 3.594, 3.637, 3.666, 3.685, 3.696, 3.702, 3.705
1774, 1, 1.003, 0.995, 0.932, 0.866, 0.852, 0.921, 1.084, 1.335, 1.657, 2.027, 2.22, 2.414, 2.603, 2.784, 2.953, 3.108, 3.245, 3.365, 3.465, 3.546, 3.61, 3.658, 3.692, 3.716, 3.731, 3.74, 3.747
1779, 1, 1.004, 0.996, 0.931, 0.862, 0.848, 0.918, 1.082, 1.334, 1.658, 2.028, 2.221, 2.414, 2.602, 2.783, 2.953, 3.108, 3.247, 3.368, 3.47, 3.555, 3.622, 3.674, 3.712, 3.74, 3.758, 3.769, 3.777
1784, 1, 1.004, 0.996, 0.93, 0.858, 0.842, 0.912, 1.079, 1.334, 1.66, 2.03, 2.223, 2.416, 2.604, 2.785, 2.954, 3.11, 3.249, 3.371, 3.475, 3.561, 3.631, 3.685, 3.725, 3.755, 3.775, 3.788, 3.797
1787, 1, 1.004, 0.996, 0.929, 0.855, 0.838, 0.908, 1.076, 1.333, 1.661, 2.033, 2.226, 2.419, 2.607, 2.787, 2.956, 3.111, 3.25, 3.372, 3.476, 3.563, 3.633, 3.687, 3.729, 3.759, 3.78, 3.793, 3.803
1791, 1, 1.004, 0.997, 0.927, 0.85, 0.83, 0.9, 1.071, 1.333, 1.664, 2.038, 2.232, 2.424, 2.612, 2.791, 2.959, 3.113, 3.251, 3.371, 3.474, 3.56, 3.63, 3.684, 3.725, 3.755, 3.776, 3.79, 3.8
1796, 1, 1.004, 0.998, 0.924, 0.838, 0.812, 0.884, 1.062, 1.334, 1.674, 2.052, 2.246, 2.437, 2.622, 2.798, 2.962, 3.111, 3.244, 3.36, 3.459, 3.541, 3.607, 3.659, 3.698, 3.726, 3.746, 3.759, 3.768
1798, 1, 1.005, 0.999, 0.921, 0.829, 0.801, 0.875, 1.059, 1.338, 1.684, 2.064, 2.257, 2.446, 2.629, 2.801, 2.961, 3.107, 3.236, 3.348, 3.444, 3.522, 3.586, 3.635, 3.673, 3.7, 3.719, 3.731, 3.74
1800, 1, 1.005, 0.999, 0.915, 0.815, 0.784, 0.864, 1.06, 1.351, 1.705, 2.086, 2.276, 2.462, 2.638, 2.804, 2.957, 3.096, 3.218, 3.325, 3.415, 3.49, 3.55, 3.597, 3.633, 3.659, 3.678, 3.69, 3.699
1801, 1, 1.006, 1, 0.911, 0.805, 0.773, 0.859, 1.065, 1.367, 1.726, 2.106, 2.293, 2.473, 2.645, 2.805, 2.952, 3.084, 3.202, 3.304, 3.391, 3.464, 3.523, 3.57, 3.606, 3.633, 3.652, 3.665, 3.674
1804, 1, 1.008, 0.997, 0.874, 0.75, 0.752, 0.916, 1.212, 1.575, 1.941, 2.268, 2.412, 2.542, 2.661, 2.771, 2.873, 2.971, 3.065, 3.157, 3.246, 3.333, 3.416, 3.494, 3.564, 3.625, 3.675, 3.712, 3.742
1808, 1, 1.002, 0.975, 0.891, 0.897, 1.032, 1.26, 1.527, 1.784, 2.009, 2.209, 2.308, 2.414, 2.53, 2.66, 2.808, 2.973, 3.157, 3.356, 3.566, 3.782, 3.997, 4.204, 4.396, 4.564, 4.703, 4.807, 4.892
1817, 1, 1.002, 0.989, 0.928, 0.892, 0.919, 1.02, 1.19, 1.423, 1.71, 2.04, 2.216, 2.398, 2.583, 2.769, 2.953, 3.133, 3.306, 3.47, 3.623, 3.763, 3.889, 3.999, 4.094, 4.172, 4.232, 4.276, 4.31
1825, 1, 1.002, 0.991, 0.929, 0.882, 0.897, 0.988, 1.156, 1.395, 1.694, 2.038, 2.222, 2.41, 2.599, 2.788, 2.972, 3.151, 3.32, 3.478, 3.624, 3.755, 3.872, 3.973, 4.057, 4.127, 4.18, 4.218, 4.248
1831, 1, 1.003, 0.991, 0.928, 0.879, 0.89, 0.978, 1.146, 1.388, 1.691, 2.04, 2.226, 2.416, 2.607, 2.797, 2.982, 3.16, 3.329, 3.486, 3.63, 3.76, 3.874, 3.973, 4.056, 4.123, 4.175, 4.212, 4.241
1839, 1, 1.003, 0.992, 0.928, 0.876, 0.884, 0.971, 1.14, 1.384, 1.691, 2.044, 2.232, 2.424, 2.616, 2.807, 2.993, 3.172, 3.341, 3.498, 3.642, 3.771, 3.885, 3.984, 4.066, 4.133, 4.184, 4.22, 4.249
1847, 1, 1.003, 0.992, 0.927, 0.874, 0.88, 0.967, 1.137, 1.383, 1.692, 2.048, 2.237, 2.43, 2.624, 2.816, 3.003, 3.183, 3.353, 3.511, 3.656, 3.786, 3.9, 3.999, 4.082, 4.149, 4.201, 4.237, 4.266
1851, 1, 1.003, 0.992, 0.927, 0.873, 0.879, 0.966, 1.136, 1.383, 1.693, 2.05, 2.24, 2.434, 2.628, 2.821, 3.008, 3.189, 3.359, 3.518, 3.663, 3.793, 3.909, 4.008, 4.091, 4.159, 4.21, 4.247, 4.276
1859, 1, 1.003, 0.992, 0.926, 0.871, 0.877, 0.964, 1.135, 1.383, 1.695, 2.054, 2.245, 2.44, 2.636, 2.829, 3.018, 3.2, 3.372, 3.531, 3.678, 3.81, 3.926, 4.027, 4.111, 4.179, 4.232, 4.269, 4.299
1871, 1, 1.003, 0.992, 0.926, 0.87, 0.875, 0.962, 1.134, 1.384, 1.699, 2.061, 2.253, 2.449, 2.646, 2.842, 3.033, 3.216, 3.39, 3.553, 3.701, 3.836, 3.954, 4.057, 4.143, 4.213, 4.267, 4.306, 4.336
1873, 1, 1.003, 0.992, 0.926, 0.869, 0.875, 0.962, 1.134, 1.385, 1.7, 2.062, 2.254, 2.451, 2.648, 2.844, 3.035, 3.219, 3.393, 3.556, 3.705, 3.84, 3.959, 4.062, 4.149, 4.219, 4.274, 4.312, 4.343
1882, 1, 1.003, 0.992, 0.925, 0.868, 0.874, 0.961, 1.135, 1.386, 1.703, 2.066, 2.26, 2.457, 2.656, 2.853, 3.046, 3.231, 3.407, 3.572, 3.723, 3.86, 3.981, 4.086, 4.174, 4.246, 4.302, 4.341, 4.373
1893, 1, 1.003, 0.992, 0.924, 0.867, 0.873, 0.961, 1.135, 1.388, 1.706, 2.072, 2.266, 2.465, 2.665, 2.864, 3.058, 3.246, 3.425, 3.592, 3.746, 3.885, 4.008, 4.116, 4.206, 4.28, 4.337, 4.378, 4.41
1897, 1, 1.003, 0.991, 0.924, 0.867, 0.872, 0.961, 1.136, 1.389, 1.707, 2.074, 2.268, 2.468, 2.668, 2.868, 3.063, 3.252, 3.431, 3.599, 3.754, 3.894, 4.019, 4.127, 4.218, 4.293, 4.351, 4.392, 4.424
1902, 1, 1.003, 0.991, 0.924, 0.867, 0.872, 0.961, 1.136, 1.39, 1.709, 2.076, 2.271, 2.471, 2.672, 2.873, 3.069, 3.258, 3.439, 3.608, 3.764, 3.905, 4.031, 4.141, 4.233, 4.309, 4.367, 4.409, 4.442
1909, 1, 1.003, 0.991, 0.924, 0.866, 0.872, 0.961, 1.137, 1.391, 1.711, 2.079, 2.275, 2.475, 2.678, 2.879, 3.077, 3.268, 3.45, 3.621, 3.779, 3.922, 4.049, 4.16, 4.254, 4.331, 4.391, 4.433, 4.467
1913, 1, 1.003, 0.991, 0.923, 0.866, 0.872, 0.961, 1.137, 1.392, 1.712, 2.081, 2.277, 2.478, 2.681, 2.883, 3.081, 3.273, 3.456, 3.628, 3.787, 3.931, 4.06, 4.172, 4.267, 4.344, 4.405, 4.448, 4.482
1920, 1, 1.003, 0.991, 0.923, 0.866, 0.871, 0.962, 1.138, 1.394, 1.714, 2.084, 2.281, 2.482, 2.686, 2.889, 3.089, 3.282, 3.467, 3.64, 3.801, 3.947, 4.078, 4.192, 4.288, 4.367, 4.429, 4.473, 4.508
1926, 1, 1.003, 0.991, 0.923, 0.865, 0.871, 0.962, 1.139, 1.395, 1.716, 2.086, 2.284, 2.486, 2.691, 2.894, 3.095, 3.29, 3.476, 3.651, 3.814, 3.962, 4.094, 4.209, 4.307, 4.388, 4.45, 4.495, 4.53
1933, 1, 1.003, 0.991, 0.922, 0.865, 0.871, 0.962, 1.14, 1.396, 1.718, 2.089, 2.287, 2.49, 2.695, 2.901, 3.103, 3.299, 3.487, 3.664, 3.828, 3.978, 4.112, 4.23, 4.33, 4.411, 4.475, 4.521, 4.557
1944, 1, 1.003, 0.991, 0.922, 0.864, 0.871, 0.963, 1.141, 1.398, 1.721, 2.093, 2.292, 2.496, 2.703, 2.91, 3.114, 3.313, 3.503, 3.684, 3.851, 4.005, 4.142, 4.262, 4.365, 4.449, 4.515, 4.562, 4.599
1953, 1, 1.003, 0.991, 0.921, 0.864, 0.871, 0.963, 1.142, 1.4, 1.723, 2.096, 2.295, 2.5, 2.708, 2.917, 3.123, 3.324, 3.517, 3.7, 3.87, 4.026, 4.167, 4.29, 4.395, 4.481, 4.548, 4.597, 4.635
1961, 1, 1.003, 0.991, 0.921, 0.863, 0.871, 0.964, 1.143, 1.401, 1.725, 2.098, 2.298, 2.504, 2.713, 2.923, 3.131, 3.333, 3.529, 3.714, 3.887, 4.046, 4.189, 4.314, 4.421, 4.51, 4.579, 4.628, 4.668
1972, 1, 1.003, 0.99, 0.921, 0.863, 0.871, 0.965, 1.145, 1.403, 1.727, 2.101, 2.301, 2.508, 2.719, 2.931, 3.141, 3.347, 3.545, 3.734, 3.911, 4.073, 4.22, 4.349, 4.459, 4.55, 4.622, 4.673, 4.714
1988, 1, 1.003, 0.99, 0.92, 0.862, 0.871, 0.966, 1.147, 1.405, 1.729, 2.104, 2.305, 2.514, 2.727, 2.941, 3.155, 3.365, 3.568, 3.762, 3.945, 4.113, 4.265, 4.4, 4.516, 4.611, 4.686, 4.74, 4.783
1999, 1, 1.003, 0.99, 0.919, 0.862, 0.871, 0.967, 1.148, 1.407, 1.73, 2.105, 2.307, 2.517, 2.731, 2.947, 3.164, 3.377, 3.584, 3.782, 3.969, 4.141, 4.298, 4.436, 4.556, 4.655, 4.733, 4.788, 4.833
2013, 1, 1.003, 0.99, 0.919, 0.862, 0.872, 0.968, 1.15, 1.408, 1.731, 2.106, 2.309, 2.519, 2.735, 2.954, 3.174, 3.391, 3.603, 3.807, 3.999, 4.178, 4.34, 4.484, 4.609, 4.713, 4.794, 4.853, 4.9
2022, 1, 1.003, 0.99, 0.918, 0.862, 0.872, 0.969, 1.151, 1.408, 1.731, 2.106, 2.309, 2.52, 2.737, 2.958, 3.18, 3.4, 3.615, 3.822, 4.019, 4.202, 4.368, 4.516, 4.644, 4.751, 4.835, 4.896, 4.944
2035, 1, 1.003, 0.989, 0.918, 0.861, 0.872, 0.97, 1.152, 1.409, 1.73, 2.104, 2.308, 2.52, 2.739, 2.962, 3.188, 3.412, 3.632, 3.845, 4.048, 4.237, 4.41, 4.564, 4.698, 4.809, 4.897, 4.96, 5.012
2050, 1, 1.003, 0.989, 0.917, 0.861, 0.873, 0.971, 1.153, 1.409, 1.728, 2.101, 2.305, 2.518, 2.739, 2.966, 3.196, 3.425, 3.652, 3.872, 4.082, 4.279, 4.46, 4.622, 4.762, 4.88, 4.973, 5.04, 5.094
2056, 1, 1.003, 0.989, 0.917, 0.861, 0.873, 0.972, 1.153, 1.409, 1.727, 2.099, 2.303, 2.517, 2.739, 2.967, 3.198, 3.43, 3.659, 3.882, 4.096, 4.296, 4.48, 4.646, 4.789, 4.91, 5.005, 5.074, 5.129
2069, 1, 1.003, 0.989, 0.917, 0.861, 0.874, 0.973, 1.154, 1.407, 1.724, 2.094, 2.298, 2.513, 2.736, 2.967, 3.203, 3.44, 3.675, 3.906, 4.127, 4.335, 4.527, 4.7, 4.851, 4.977, 5.077, 5.15, 5.208
2079, 1, 1.003, 0.989, 0.917, 0.861, 0.875, 0.974, 1.154, 1.406, 1.72, 2.089, 2.293, 2.508, 2.734, 2.967, 3.206, 3.447, 3.688, 3.924, 4.151, 4.366, 4.565, 4.744, 4.9, 5.032, 5.136, 5.212, 5.273
2091, 1, 1.003, 0.988, 0.916, 0.861, 0.875, 0.975, 1.154, 1.404, 1.715, 2.082, 2.285, 2.501, 2.728, 2.965, 3.208, 3.455, 3.702, 3.946, 4.181, 4.405, 4.612, 4.8, 4.964, 5.102, 5.212, 5.291, 5.356
2104, 1, 1.003, 0.988, 0.916, 0.861, 0.876, 0.976, 1.154, 1.401, 1.708, 2.072, 2.275, 2.492, 2.721, 2.961, 3.209, 3.463, 3.718, 3.97, 4.216, 4.449, 4.667, 4.864, 5.037, 5.184, 5.3, 5.385, 5.453
2113, 1, 1.003, 0.988, 0.916, 0.861, 0.877, 0.976, 1.153, 1.398, 1.702, 2.063, 2.266, 2.483, 2.714, 2.957, 3.209, 3.468, 3.729, 3.988, 4.241, 4.482, 4.707, 4.912, 5.092, 5.244, 5.365, 5.454, 5.525
2121, 1, 1.003, 0.988, 0.915, 0.861, 0.877, 0.977, 1.153, 1.395, 1.695, 2.055, 2.258, 2.475, 2.708, 2.953, 3.208, 3.472, 3.738, 4.004, 4.264, 4.512, 4.745, 4.957, 5.144, 5.301, 5.427, 5.519, 5.593
2131, 1, 1.003, 0.988, 0.915, 0.861, 0.878, 0.977, 1.152, 1.39, 1.687, 2.043, 2.245, 2.464, 2.698, 2.946, 3.207, 3.476, 3.751, 4.025, 4.294, 4.553, 4.795, 5.016, 5.212, 5.378, 5.51, 5.606, 5.684
2142, 1, 1.002, 0.988, 0.915, 0.862, 0.879, 0.978, 1.15, 1.384, 1.675, 2.028, 2.23, 2.449, 2.685, 2.938, 3.204, 3.481, 3.765, 4.05, 4.33, 4.6, 4.855, 5.087, 5.293, 5.468, 5.608, 5.71, 5.793
2158, 1, 1.002, 0.988, 0.915, 0.862, 0.88, 0.978, 1.146, 1.373, 1.656, 2.002, 2.203, 2.423, 2.664, 2.923, 3.199, 3.489, 3.787, 4.089, 4.388, 4.677, 4.951, 5.202, 5.425, 5.615, 5.767, 5.878, 5.968
2165, 1, 1.002, 0.988, 0.915, 0.862, 0.88, 0.978, 1.144, 1.367, 1.646, 1.99, 2.19, 2.411, 2.653, 2.916, 3.196, 3.492, 3.797, 4.107, 4.415, 4.714, 4.997, 5.257, 5.488, 5.685, 5.843, 5.959, 6.053
2175, 1, 1.002, 0.987, 0.915, 0.863, 0.881, 0.977, 1.14, 1.358, 1.63, 1.969, 2.169, 2.391, 2.637, 2.904, 3.192, 3.497, 3.814, 4.136, 4.458, 4.771, 5.068, 5.342, 5.586, 5.794, 5.961, 6.083, 6.183
2180, 1, 1.002, 0.987, 0.915, 0.863, 0.881, 0.977, 1.138, 1.353, 1.622, 1.959, 2.158, 2.381, 2.628, 2.898, 3.19, 3.5, 3.823, 4.152, 4.481, 4.801, 5.106, 5.387, 5.638, 5.852, 6.024, 6.149, 6.252
2192, 1, 1.002, 0.987, 0.915, 0.863, 0.882, 0.976, 1.132, 1.339, 1.599, 1.93, 2.13, 2.354, 2.606, 2.883, 3.186, 3.508, 3.846, 4.193, 4.54, 4.881, 5.205, 5.505, 5.773, 6.002, 6.186, 6.321, 6.431
2199, 1, 1.002, 0.987, 0.914, 0.864, 0.882, 0.975, 1.128, 1.33, 1.585, 1.913, 2.111, 2.337, 2.592, 2.874, 3.183, 3.514, 3.862, 4.22, 4.579, 4.932, 5.268, 5.58, 5.859, 6.097, 6.289, 6.43, 6.545
2205, 1, 1.002, 0.987, 0.914, 0.864, 0.882, 0.974, 1.124, 1.321, 1.572, 1.896, 2.095, 2.323, 2.58, 2.867, 3.181, 3.52, 3.877, 4.245, 4.615, 4.978, 5.326, 5.648, 5.937, 6.184, 6.383, 6.529, 6.648
2214, 1, 1.002, 0.987, 0.914, 0.864, 0.882, 0.972, 1.117, 1.307, 1.55, 1.871, 2.07, 2.3, 2.562, 2.856, 3.18, 3.531, 3.902, 4.286, 4.673, 5.054, 5.419, 5.758, 6.063, 6.323, 6.534, 6.688, 6.814
2221, 1, 1.002, 0.987, 0.914, 0.864, 0.882, 0.969, 1.11, 1.295, 1.532, 1.85, 2.05, 2.281, 2.547, 2.848, 3.18, 3.541, 3.924, 4.321, 4.723, 5.118, 5.498, 5.851, 6.168, 6.44, 6.659, 6.821, 6.952
2230, 1, 1.002, 0.987, 0.914, 0.864, 0.881, 0.966, 1.101, 1.278, 1.508, 1.822, 2.023, 2.258, 2.53, 2.839, 3.183, 3.558, 3.957, 4.372, 4.793, 5.208, 5.608, 5.98, 6.314, 6.601, 6.833, 7.003, 7.142
2237, 1, 1.002, 0.987, 0.914, 0.864, 0.88, 0.963, 1.093, 1.264, 1.488, 1.8, 2.001, 2.24, 2.517, 2.833, 3.187, 3.574, 3.986, 4.416, 4.853, 5.285, 5.7, 6.087, 6.436, 6.735, 6.976, 7.154, 7.299
2246, 1, 1.003, 0.987, 0.914, 0.864, 0.879, 0.957, 1.081, 1.244, 1.461, 1.77, 1.974, 2.217, 2.502, 2.829, 3.196, 3.599, 4.03, 4.48, 4.938, 5.391, 5.828, 6.236, 6.603, 6.918, 7.173, 7.361, 7.514
2255, 1, 1.003, 0.987, 0.914, 0.863, 0.876, 0.951, 1.068, 1.222, 1.433, 1.741, 1.948, 2.197, 2.49, 2.829, 3.211, 3.631, 4.081, 4.552, 5.032, 5.508, 5.967, 6.396, 6.782, 7.114, 7.382, 7.58, 7.741
2263, 1, 1.003, 0.987, 0.914, 0.862, 0.873, 0.944, 1.055, 1.202, 1.407, 1.717, 1.927, 2.182, 2.484, 2.834, 3.229, 3.665, 4.134, 4.624, 5.124, 5.62, 6.099, 6.547, 6.95, 7.296, 7.577, 7.784, 7.952
2270, 1, 1.003, 0.987, 0.914, 0.861, 0.87, 0.937, 1.042, 1.183, 1.385, 1.696, 1.911, 2.171, 2.482, 2.843, 3.251, 3.702, 4.186, 4.693, 5.211, 5.725, 6.221, 6.685, 7.102, 7.462, 7.753, 7.967, 8.142
2274, 1, 1.003, 0.988, 0.913, 0.86, 0.868, 0.932, 1.034, 1.172, 1.372, 1.686, 1.903, 2.167, 2.483, 2.85, 3.266, 3.725, 4.218, 4.736, 5.263, 5.787, 6.293, 6.765, 7.191, 7.558, 7.855, 8.073, 8.252
2285, 1, 1.003, 0.988, 0.913, 0.857, 0.86, 0.917, 1.01, 1.141, 1.339, 1.661, 1.887, 2.164, 2.495, 2.881, 3.318, 3.8, 4.319, 4.862, 5.415, 5.965, 6.496, 6.992, 7.439, 7.824, 8.135, 8.364, 8.552
2291, 1, 1.003, 0.988, 0.912, 0.854, 0.854, 0.907, 0.996, 1.123, 1.323, 1.652, 1.884, 2.169, 2.509, 2.905, 3.354, 3.849, 4.38, 4.936, 5.503, 6.066, 6.608, 7.115, 7.572, 7.965, 8.284, 8.518, 8.709
2302, 1, 1.003, 0.988, 0.91, 0.847, 0.841, 0.886, 0.967, 1.093, 1.299, 1.647, 1.893, 2.194, 2.552, 2.968, 3.437, 3.953, 4.505, 5.081, 5.667, 6.248, 6.807, 7.329, 7.8, 8.204, 8.532, 8.773, 8.97
2311, 1, 1.004, 0.988, 0.907, 0.838, 0.825, 0.864, 0.941, 1.07, 1.289, 1.66, 1.92, 2.236, 2.611, 3.042, 3.526, 4.055, 4.618, 5.205, 5.799, 6.387, 6.952, 7.479, 7.953, 8.361, 8.691, 8.934, 9.133
2316, 1, 1.004, 0.989, 0.905, 0.832, 0.814, 0.849, 0.926, 1.059, 1.289, 1.677, 1.946, 2.272, 2.656, 3.095, 3.585, 4.119, 4.686, 5.273, 5.868, 6.455, 7.018, 7.543, 8.016, 8.422, 8.751, 8.994, 9.191
2325, 1, 1.004, 0.989, 0.897, 0.813, 0.785, 0.815, 0.897, 1.048, 1.312, 1.742, 2.034, 2.379, 2.779, 3.229, 3.724, 4.257, 4.818, 5.395, 5.976, 6.548, 7.096, 7.607, 8.067, 8.464, 8.785, 9.022, 9.216
2332, 1, 1.005, 0.989, 0.885, 0.785, 0.749, 0.781, 0.88, 1.064, 1.379, 1.867, 2.184, 2.549, 2.96, 3.412, 3.899, 4.416, 4.952, 5.501, 6.052, 6.594, 7.115, 7.604, 8.047, 8.431, 8.745, 8.977, 9.168
2338, 1, 1.006, 0.987, 0.862, 0.741, 0.702, 0.752, 0.893, 1.151, 1.565, 2.153, 2.508, 2.898, 3.318, 3.761, 4.223, 4.7, 5.189, 5.689, 6.195, 6.702, 7.201, 7.681, 8.127, 8.524, 8.855, 9.104, 9.311
2340, 1, 1.007, 0.985, 0.847, 0.719, 0.684, 0.75, 0.922, 1.228, 1.702, 2.349, 2.726, 3.129, 3.552, 3.988, 4.434, 4.891, 5.358, 5.838, 6.331, 6.835, 7.341, 7.839, 8.311, 8.739, 9.1, 9.375, 9.606
2343, 1, 1.007, 0.977, 0.815, 0.681, 0.67, 0.786, 1.037, 1.456, 2.072, 2.852, 3.278, 3.71, 4.14, 4.564, 4.985, 5.409, 5.851, 6.321, 6.829, 7.379, 7.964, 8.569, 9.168, 9.727, 10.213, 10.589, 10.91
2345, 1, 1.006, 0.967, 0.788, 0.668, 0.698, 0.873, 1.2, 1.724, 2.465, 3.361, 3.828, 4.286, 4.727, 5.151, 5.566, 5.992, 6.451, 6.968, 7.558, 8.23, 8.975, 9.769, 10.573, 11.337, 12.008, 12.532, 12.981
2346, 1, 1.005, 0.96, 0.779, 0.676, 0.735, 0.944, 1.311, 1.882, 2.678, 3.624, 4.109, 4.581, 5.03, 5.461, 5.887, 6.333, 6.828, 7.4, 8.072, 8.849, 9.721, 10.657, 11.611, 12.52, 13.32, 13.946, 14.482
2347, 1, 1.003, 0.954, 0.776, 0.699, 0.79, 1.03, 1.425, 2.026, 2.854, 3.829, 4.325, 4.806, 5.266, 5.712, 6.162, 6.646, 7.199, 7.853, 8.631, 9.538, 10.56, 11.66, 12.779, 13.847, 14.784, 15.517, 16.145
2348.1, 1, 1.001, 0.948, 0.784, 0.74, 0.865, 1.125, 1.527, 2.127, 2.948, 3.915, 4.41, 4.895, 5.367, 5.838, 6.329, 6.874, 7.511, 8.273, 9.181, 10.237, 11.421, 12.689, 13.974, 15.194, 16.262, 17.096, 17.808
2349, 1, 0.999, 0.946, 0.799, 0.781, 0.924, 1.186, 1.574, 2.143, 2.924, 3.853, 4.336, 4.818, 5.299, 5.793, 6.324, 6.926, 7.635, 8.482, 9.485, 10.644, 11.932, 13.3, 14.678, 15.98, 17.116, 17.999, 18.752
2350, 1, 0.998, 0.946, 0.82, 0.826, 0.977, 1.227, 1.58, 2.095, 2.806, 3.669, 4.131, 4.605, 5.094, 5.613, 6.186, 6.846, 7.625, 8.548, 9.629, 10.862, 12.216, 13.641, 15.064, 16.399, 17.558, 18.456, 19.219
2352, 1, 0.996, 0.951, 0.86, 0.89, 1.029, 1.23, 1.498, 1.888, 2.446, 3.17, 3.586, 4.038, 4.535, 5.09, 5.724, 6.46, 7.319, 8.317, 9.454, 10.717, 12.072, 13.467, 14.836, 16.104, 17.192, 18.029, 18.736
2358, 1, 0.997, 0.968, 0.911, 0.924, 0.992, 1.085, 1.211, 1.415, 1.758, 2.294, 2.65, 3.073, 3.572, 4.152, 4.823, 5.589, 6.45, 7.402, 8.429, 9.512, 10.618, 11.709, 12.742, 13.67, 14.448, 15.036, 15.527
2362, 1, 0.998, 0.974, 0.918, 0.914, 0.955, 1.018, 1.114, 1.287, 1.6, 2.115, 2.466, 2.888, 3.388, 3.97, 4.637, 5.389, 6.221, 7.124, 8.083, 9.074, 10.07, 11.038, 11.942, 12.745, 13.413, 13.914, 14.33
2363, 1, 0.998, 0.975, 0.919, 0.912, 0.947, 1.006, 1.097, 1.267, 1.577, 2.091, 2.442, 2.865, 3.365, 3.947, 4.613, 5.361, 6.187, 7.081, 8.025, 8.999, 9.974, 10.919, 11.8, 12.581, 13.228, 13.714, 14.116
2366, 1, 0.999, 0.977, 0.92, 0.904, 0.927, 0.974, 1.057, 1.221, 1.529, 2.045, 2.399, 2.825, 3.328, 3.91, 4.572, 5.311, 6.12, 6.987, 7.896, 8.826, 9.75, 10.639, 11.462, 12.188, 12.788, 13.237, 13.608
2370, 1, 0.999, 0.979, 0.92, 0.894, 0.905, 0.943, 1.02, 1.184, 1.497, 2.022, 2.382, 2.814, 3.32, 3.903, 4.561, 5.289, 6.079, 6.919, 7.792, 8.677, 9.55, 10.385, 11.152, 11.826, 12.38, 12.793, 13.134
2373, 1, 1, 0.98, 0.919, 0.888, 0.892, 0.924, 1.001, 1.167, 1.487, 2.022, 2.387, 2.823, 3.332, 3.916, 4.571, 5.292, 6.071, 6.894, 7.745, 8.603, 9.446, 10.248, 10.984, 11.628, 12.156, 12.549, 12.872
2379, 1, 1, 0.981, 0.918, 0.878, 0.871, 0.896, 0.973, 1.149, 1.487, 2.044, 2.42, 2.865, 3.38, 3.965, 4.615, 5.325, 6.083, 6.878, 7.692, 8.507, 9.302, 10.054, 10.739, 11.336, 11.824, 12.186, 12.483
2384, 1, 1, 0.981, 0.916, 0.871, 0.857, 0.879, 0.958, 1.144, 1.498, 2.076, 2.461, 2.913, 3.433, 4.019, 4.665, 5.365, 6.109, 6.883, 7.671, 8.456, 9.218, 9.935, 10.587, 11.153, 11.614, 11.956, 12.236
2390, 1, 1.001, 0.982, 0.914, 0.863, 0.843, 0.862, 0.946, 1.145, 1.521, 2.122, 2.518, 2.978, 3.503, 4.089, 4.731, 5.42, 6.147, 6.897, 7.658, 8.41, 9.137, 9.818, 10.435, 10.968, 11.403, 11.723, 11.987
2394, 1, 1.001, 0.982, 0.913, 0.858, 0.835, 0.852, 0.94, 1.149, 1.539, 2.156, 2.558, 3.024, 3.552, 4.138, 4.776, 5.458, 6.173, 6.909, 7.651, 8.384, 9.088, 9.747, 10.343, 10.857, 11.275, 11.583, 11.836
2408, 1, 1.001, 0.983, 0.909, 0.844, 0.81, 0.827, 0.931, 1.175, 1.615, 2.283, 2.707, 3.188, 3.722, 4.304, 4.927, 5.581, 6.256, 6.941, 7.623, 8.288, 8.921, 9.508, 10.035, 10.488, 10.854, 11.123, 11.343
2417, 1, 1.001, 0.983, 0.907, 0.835, 0.797, 0.816, 0.931, 1.198, 1.668, 2.367, 2.802, 3.29, 3.825, 4.402, 5.012, 5.646, 6.294, 6.946, 7.589, 8.212, 8.801, 9.345, 9.831, 10.246, 10.581, 10.828, 11.028
2425, 1, 1.002, 0.983, 0.904, 0.828, 0.787, 0.807, 0.934, 1.222, 1.717, 2.44, 2.883, 3.375, 3.91, 4.479, 5.076, 5.691, 6.314, 6.935, 7.543, 8.129, 8.68, 9.186, 9.635, 10.019, 10.328, 10.554, 10.739
2434, 1, 1.002, 0.983, 0.901, 0.82, 0.775, 0.799, 0.939, 1.25, 1.774, 2.52, 2.97, 3.464, 3.995, 4.554, 5.134, 5.724, 6.316, 6.901, 7.47, 8.012, 8.52, 8.982, 9.392, 9.741, 10.02, 10.225, 10.391
2441, 1, 1.002, 0.983, 0.899, 0.813, 0.766, 0.793, 0.944, 1.274, 1.819, 2.581, 3.034, 3.528, 4.053, 4.601, 5.165, 5.733, 6.299, 6.854, 7.389, 7.897, 8.369, 8.798, 9.176, 9.496, 9.753, 9.94, 10.092
2445, 1, 1.002, 0.984, 0.897, 0.808, 0.76, 0.789, 0.948, 1.289, 1.845, 2.615, 3.07, 3.562, 4.082, 4.623, 5.175, 5.73, 6.279, 6.815, 7.33, 7.816, 8.267, 8.676, 9.035, 9.339, 9.582, 9.759, 9.903
2448, 1, 1.002, 0.984, 0.896, 0.805, 0.755, 0.787, 0.952, 1.301, 1.866, 2.641, 3.096, 3.586, 4.102, 4.636, 5.179, 5.722, 6.258, 6.778, 7.277, 7.746, 8.18, 8.573, 8.917, 9.208, 9.44, 9.61, 9.747
2454, 1, 1.002, 0.984, 0.892, 0.796, 0.744, 0.782, 0.96, 1.329, 1.912, 2.696, 3.148, 3.631, 4.135, 4.651, 5.171, 5.686, 6.189, 6.675, 7.136, 7.568, 7.965, 8.321, 8.634, 8.896, 9.106, 9.258, 9.382
2456, 1, 1.002, 0.984, 0.891, 0.792, 0.74, 0.78, 0.964, 1.34, 1.93, 2.715, 3.166, 3.646, 4.144, 4.652, 5.162, 5.666, 6.156, 6.628, 7.075, 7.492, 7.874, 8.218, 8.518, 8.77, 8.971, 9.118, 9.236
2462, 1, 1.003, 0.984, 0.885, 0.778, 0.725, 0.776, 0.984, 1.387, 1.996, 2.783, 3.224, 3.686, 4.159, 4.634, 5.104, 5.561, 6.002, 6.42, 6.812, 7.175, 7.505, 7.8, 8.057, 8.272, 8.443, 8.567, 8.668
2465, 1, 1.003, 0.984, 0.879, 0.767, 0.715, 0.777, 1.002, 1.425, 2.046, 2.828, 3.26, 3.706, 4.157, 4.606, 5.045, 5.468, 5.872, 6.252, 6.605, 6.931, 7.226, 7.488, 7.716, 7.907, 8.059, 8.169, 8.258
2469, 1, 1.004, 0.983, 0.868, 0.747, 0.702, 0.79, 1.055, 1.515, 2.155, 2.92, 3.326, 3.736, 4.14, 4.532, 4.907, 5.26, 5.589, 5.893, 6.173, 6.427, 6.656, 6.858, 7.034, 7.181, 7.297, 7.382, 7.451
2473, 1, 1.005, 0.98, 0.845, 0.717, 0.701, 0.854, 1.201, 1.73, 2.39, 3.104, 3.455, 3.79, 4.102, 4.387, 4.644, 4.873, 5.075, 5.254, 5.412, 5.553, 5.678, 5.789, 5.887, 5.969, 6.036, 6.086, 6.126
2476, 1, 1.004, 0.97, 0.815, 0.705, 0.758, 1.02, 1.48, 2.085, 2.749, 3.377, 3.653, 3.895, 4.1, 4.269, 4.404, 4.51, 4.593, 4.659, 4.715, 4.765, 4.812, 4.858, 4.902, 4.944, 4.98, 5.008, 5.032
2478, 1, 1.002, 0.959, 0.802, 0.735, 0.866, 1.213, 1.734, 2.358, 2.996, 3.566, 3.808, 4.018, 4.196, 4.343, 4.466, 4.571, 4.662, 4.746, 4.827, 4.91, 4.993, 5.077, 5.158, 5.234, 5.299, 5.349, 5.392
2482, 1, 0.997, 0.954, 0.853, 0.863, 1.017, 1.293, 1.669, 2.135, 2.695, 3.356, 3.723, 4.114, 4.527, 4.958, 5.403, 5.857, 6.316, 6.773, 7.221, 7.652, 8.059, 8.432, 8.765, 9.049, 9.278, 9.447, 9.584
2485, 1, 0.997, 0.962, 0.885, 0.885, 0.977, 1.147, 1.409, 1.798, 2.358, 3.113, 3.563, 4.058, 4.589, 5.151, 5.733, 6.326, 6.919, 7.502, 8.065, 8.598, 9.091, 9.537, 9.928, 10.257, 10.519, 10.709, 10.863
2493, 1, 0.998, 0.973, 0.902, 0.866, 0.881, 0.962, 1.154, 1.52, 2.112, 2.948, 3.449, 3.996, 4.579, 5.186, 5.805, 6.425, 7.033, 7.619, 8.172, 8.686, 9.152, 9.566, 9.922, 10.217, 10.449, 10.616, 10.751
2497, 1, 0.999, 0.975, 0.902, 0.857, 0.858, 0.928, 1.117, 1.488, 2.092, 2.941, 3.446, 3.995, 4.577, 5.179, 5.79, 6.397, 6.988, 7.555, 8.086, 8.576, 9.018, 9.408, 9.742, 10.017, 10.233, 10.387, 10.511
2500, 1, 0.999, 0.975, 0.902, 0.852, 0.847, 0.912, 1.1, 1.476, 2.089, 2.944, 3.451, 4, 4.579, 5.176, 5.78, 6.377, 6.957, 7.51, 8.027, 8.501, 8.927, 9.3, 9.619, 9.881, 10.086, 10.232, 10.349
2505, 1, 0.999, 0.976, 0.901, 0.845, 0.833, 0.894, 1.085, 1.469, 2.092, 2.955, 3.464, 4.011, 4.586, 5.176, 5.769, 6.352, 6.915, 7.448, 7.943, 8.393, 8.795, 9.145, 9.442, 9.684, 9.872, 10.006, 10.113
2512, 1, 1, 0.977, 0.9, 0.838, 0.82, 0.88, 1.075, 1.47, 2.106, 2.977, 3.486, 4.032, 4.601, 5.183, 5.763, 6.33, 6.873, 7.383, 7.852, 8.275, 8.648, 8.969, 9.238, 9.455, 9.621, 9.739, 9.832
2520, 1, 1, 0.977, 0.898, 0.832, 0.811, 0.871, 1.072, 1.478, 2.125, 3.004, 3.514, 4.058, 4.623, 5.197, 5.767, 6.321, 6.847, 7.335, 7.779, 8.173, 8.515, 8.803, 9.039, 9.225, 9.366, 9.463, 9.539
2530, 1, 1, 0.977, 0.896, 0.827, 0.803, 0.863, 1.071, 1.49, 2.151, 3.038, 3.551, 4.096, 4.663, 5.239, 5.809, 6.358, 6.873, 7.341, 7.751, 8.099, 8.381, 8.6, 8.761, 8.874, 8.948, 8.992, 9.022
2533, 1, 1, 0.977, 0.894, 0.826, 0.801, 0.859, 1.069, 1.493, 2.159, 3.05, 3.565, 4.116, 4.692, 5.279, 5.862, 6.423, 6.944, 7.407, 7.8, 8.114, 8.345, 8.501, 8.591, 8.63, 8.636, 8.626, 8.608
2536, 1, 1, 0.972, 0.885, 0.823, 0.795, 0.841, 1.051, 1.496, 2.182, 3.094, 3.636, 4.236, 4.888, 5.578, 6.278, 6.949, 7.545, 8.018, 8.33, 8.46, 8.409, 8.2, 7.875, 7.49, 7.109, 6.788, 6.501
2538, 1, 1, 0.983, 0.91, 0.828, 0.803, 0.888, 1.113, 1.528, 2.192, 3.091, 3.586, 4.078, 4.545, 4.973, 5.366, 5.742, 6.132, 6.577, 7.114, 7.771, 8.555, 9.446, 10.401, 11.35, 12.213, 12.904, 13.507
2541, 1, 1, 0.98, 0.899, 0.824, 0.799, 0.87, 1.088, 1.512, 2.179, 3.071, 3.575, 4.098, 4.623, 5.139, 5.636, 6.112, 6.569, 7.012, 7.447, 7.879, 8.307, 8.727, 9.127, 9.492, 9.803, 10.041, 10.243
2546, 1, 1, 0.979, 0.897, 0.822, 0.797, 0.866, 1.086, 1.516, 2.19, 3.085, 3.592, 4.12, 4.656, 5.186, 5.699, 6.19, 6.653, 7.09, 7.5, 7.884, 8.243, 8.573, 8.872, 9.132, 9.345, 9.504, 9.636
2554, 1, 1, 0.979, 0.896, 0.82, 0.794, 0.864, 1.089, 1.527, 2.208, 3.107, 3.616, 4.145, 4.683, 5.214, 5.728, 6.218, 6.676, 7.102, 7.493, 7.85, 8.173, 8.462, 8.714, 8.928, 9.1, 9.226, 9.328
2561, 1, 1, 0.978, 0.895, 0.818, 0.793, 0.864, 1.093, 1.536, 2.223, 3.126, 3.635, 4.164, 4.7, 5.23, 5.742, 6.227, 6.679, 7.095, 7.475, 7.817, 8.123, 8.392, 8.624, 8.818, 8.972, 9.084, 9.175
2565, 1, 1, 0.978, 0.894, 0.818, 0.792, 0.864, 1.095, 1.542, 2.231, 3.136, 3.645, 4.174, 4.71, 5.238, 5.748, 6.23, 6.678, 7.09, 7.463, 7.799, 8.096, 8.357, 8.58, 8.766, 8.913, 9.019, 9.106
2572, 1, 1, 0.978, 0.894, 0.816, 0.791, 0.865, 1.099, 1.551, 2.245, 3.153, 3.663, 4.191, 4.725, 5.251, 5.757, 6.234, 6.676, 7.08, 7.444, 7.768, 8.054, 8.302, 8.513, 8.687, 8.824, 8.922, 9.002
2577, 1, 1, 0.978, 0.893, 0.816, 0.79, 0.865, 1.102, 1.557, 2.255, 3.165, 3.674, 4.203, 4.736, 5.26, 5.763, 6.237, 6.675, 7.073, 7.431, 7.748, 8.027, 8.267, 8.471, 8.638, 8.768, 8.862, 8.938
2579, 1, 1, 0.978, 0.893, 0.815, 0.79, 0.866, 1.103, 1.56, 2.259, 3.169, 3.679, 4.207, 4.74, 5.263, 5.765, 6.238, 6.674, 7.07, 7.426, 7.741, 8.017, 8.254, 8.455, 8.619, 8.748, 8.84, 8.914
2585, 1, 1, 0.978, 0.893, 0.814, 0.789, 0.866, 1.107, 1.567, 2.27, 3.183, 3.693, 4.221, 4.752, 5.273, 5.772, 6.24, 6.672, 7.063, 7.412, 7.719, 7.987, 8.217, 8.41, 8.567, 8.69, 8.777, 8.848
2589, 1, 1, 0.978, 0.892, 0.814, 0.789, 0.867, 1.109, 1.572, 2.277, 3.191, 3.702, 4.229, 4.759, 5.279, 5.777, 6.242, 6.671, 7.058, 7.403, 7.706, 7.969, 8.194, 8.382, 8.535, 8.654, 8.739, 8.807
2595, 1, 1, 0.978, 0.892, 0.813, 0.788, 0.868, 1.113, 1.579, 2.287, 3.204, 3.714, 4.241, 4.771, 5.288, 5.783, 6.245, 6.669, 7.051, 7.391, 7.687, 7.944, 8.162, 8.344, 8.491, 8.605, 8.686, 8.751
2602, 1, 1, 0.978, 0.891, 0.812, 0.788, 0.869, 1.117, 1.587, 2.299, 3.218, 3.729, 4.255, 4.783, 5.299, 5.791, 6.249, 6.668, 7.045, 7.378, 7.668, 7.917, 8.128, 8.303, 8.444, 8.553, 8.63, 8.692
2608, 1, 1, 0.978, 0.891, 0.811, 0.788, 0.87, 1.12, 1.594, 2.309, 3.229, 3.741, 4.267, 4.794, 5.308, 5.797, 6.253, 6.668, 7.04, 7.368, 7.652, 7.896, 8.102, 8.271, 8.408, 8.513, 8.587, 8.646
2611, 1, 1, 0.978, 0.891, 0.811, 0.788, 0.871, 1.122, 1.597, 2.313, 3.235, 3.746, 4.273, 4.799, 5.312, 5.8, 6.254, 6.668, 7.038, 7.363, 7.646, 7.887, 8.089, 8.257, 8.391, 8.494, 8.566, 8.624
2616, 1, 1, 0.978, 0.89, 0.811, 0.787, 0.871, 1.125, 1.602, 2.321, 3.244, 3.756, 4.282, 4.808, 5.32, 5.806, 6.257, 6.668, 7.035, 7.356, 7.634, 7.871, 8.07, 8.233, 8.364, 8.464, 8.534, 8.59
2623, 1, 1, 0.977, 0.89, 0.81, 0.787, 0.873, 1.129, 1.609, 2.332, 3.257, 3.769, 4.295, 4.819, 5.33, 5.814, 6.262, 6.669, 7.031, 7.348, 7.621, 7.852, 8.045, 8.204, 8.329, 8.425, 8.493, 8.546
2628, 1, 1, 0.977, 0.89, 0.81, 0.787, 0.874, 1.131, 1.614, 2.339, 3.266, 3.778, 4.303, 4.828, 5.337, 5.819, 6.265, 6.67, 7.029, 7.342, 7.612, 7.84, 8.029, 8.184, 8.307, 8.4, 8.466, 8.517
2639, 1, 1, 0.977, 0.889, 0.809, 0.787, 0.876, 1.137, 1.625, 2.354, 3.284, 3.797, 4.322, 4.845, 5.352, 5.831, 6.274, 6.673, 7.026, 7.333, 7.595, 7.815, 7.998, 8.146, 8.262, 8.351, 8.412, 8.461
2644, 1, 1, 0.977, 0.889, 0.808, 0.787, 0.877, 1.14, 1.63, 2.361, 3.292, 3.805, 4.33, 4.853, 5.359, 5.837, 6.277, 6.675, 7.025, 7.329, 7.588, 7.806, 7.985, 8.13, 8.244, 8.33, 8.39, 8.438
2649, 1, 1, 0.977, 0.888, 0.808, 0.787, 0.878, 1.142, 1.634, 2.368, 3.3, 3.814, 4.339, 4.861, 5.366, 5.843, 6.282, 6.677, 7.025, 7.326, 7.583, 7.797, 7.974, 8.116, 8.228, 8.312, 8.37, 8.416
2657, 1, 1, 0.977, 0.888, 0.807, 0.787, 0.879, 1.146, 1.641, 2.378, 3.313, 3.826, 4.351, 4.873, 5.377, 5.852, 6.288, 6.68, 7.025, 7.322, 7.574, 7.784, 7.957, 8.095, 8.203, 8.284, 8.34, 8.384
2664, 1, 1, 0.977, 0.888, 0.807, 0.787, 0.88, 1.15, 1.647, 2.386, 3.323, 3.837, 4.363, 4.884, 5.387, 5.861, 6.295, 6.684, 7.026, 7.321, 7.569, 7.776, 7.945, 8.079, 8.185, 8.263, 8.317, 8.36
2671, 1, 1, 0.977, 0.887, 0.806, 0.787, 0.882, 1.153, 1.653, 2.395, 3.334, 3.848, 4.374, 4.894, 5.397, 5.869, 6.301, 6.689, 7.028, 7.319, 7.565, 7.768, 7.934, 8.065, 8.168, 8.244, 8.297, 8.338
2687, 1, 1, 0.976, 0.886, 0.806, 0.787, 0.885, 1.161, 1.666, 2.414, 3.357, 3.872, 4.398, 4.918, 5.419, 5.889, 6.318, 6.7, 7.034, 7.319, 7.559, 7.755, 7.914, 8.04, 8.136, 8.208, 8.257, 8.295
2695, 1, 1, 0.976, 0.886, 0.805, 0.787, 0.886, 1.164, 1.673, 2.422, 3.368, 3.884, 4.41, 4.93, 5.43, 5.899, 6.326, 6.707, 7.038, 7.321, 7.557, 7.751, 7.907, 8.03, 8.124, 8.193, 8.241, 8.277
2702, 1, 1, 0.976, 0.886, 0.805, 0.787, 0.887, 1.167, 1.678, 2.43, 3.377, 3.894, 4.42, 4.94, 5.44, 5.908, 6.334, 6.713, 7.043, 7.323, 7.557, 7.748, 7.902, 8.022, 8.114, 8.182, 8.228, 8.264
2710, 1, 1, 0.976, 0.885, 0.804, 0.787, 0.889, 1.171, 1.684, 2.439, 3.388, 3.905, 4.432, 4.952, 5.451, 5.918, 6.343, 6.721, 7.048, 7.327, 7.558, 7.747, 7.897, 8.015, 8.105, 8.171, 8.216, 8.251
2718, 1, 1, 0.976, 0.885, 0.804, 0.788, 0.89, 1.174, 1.69, 2.447, 3.398, 3.916, 4.443, 4.964, 5.463, 5.929, 6.353, 6.729, 7.054, 7.33, 7.56, 7.746, 7.894, 8.01, 8.098, 8.162, 8.206, 8.239
2724, 1, 1, 0.976, 0.885, 0.804, 0.788, 0.891, 1.177, 1.694, 2.453, 3.406, 3.925, 4.452, 4.972, 5.471, 5.937, 6.36, 6.735, 7.059, 7.334, 7.561, 7.746, 7.893, 8.007, 8.094, 8.157, 8.199, 8.232
2732, 1, 1, 0.976, 0.884, 0.804, 0.788, 0.893, 1.18, 1.7, 2.461, 3.416, 3.935, 4.463, 4.984, 5.482, 5.947, 6.37, 6.744, 7.067, 7.339, 7.565, 7.747, 7.892, 8.004, 8.089, 8.151, 8.192, 8.224
2739, 1, 1, 0.976, 0.884, 0.803, 0.788, 0.894, 1.183, 1.704, 2.468, 3.424, 3.945, 4.473, 4.994, 5.492, 5.957, 6.379, 6.752, 7.073, 7.345, 7.569, 7.749, 7.892, 8.003, 8.086, 8.147, 8.187, 8.218
2746, 1, 1, 0.975, 0.884, 0.803, 0.788, 0.895, 1.185, 1.709, 2.475, 3.433, 3.954, 4.483, 5.004, 5.502, 5.967, 6.388, 6.76, 7.08, 7.35, 7.573, 7.752, 7.893, 8.003, 8.085, 8.144, 8.184, 8.214
2760, 1, 1, 0.975, 0.883, 0.802, 0.789, 0.897, 1.191, 1.718, 2.488, 3.45, 3.972, 4.502, 5.024, 5.522, 5.986, 6.406, 6.777, 7.096, 7.363, 7.583, 7.759, 7.898, 8.004, 8.084, 8.141, 8.179, 8.208
2788, 1, 1, 0.975, 0.882, 0.802, 0.79, 0.902, 1.201, 1.736, 2.513, 3.482, 4.008, 4.54, 5.063, 5.563, 6.027, 6.446, 6.814, 7.13, 7.394, 7.609, 7.781, 7.915, 8.017, 8.093, 8.146, 8.182, 8.209
2812, 1, 0.999, 0.974, 0.881, 0.801, 0.79, 0.906, 1.21, 1.75, 2.534, 3.509, 4.037, 4.572, 5.097, 5.598, 6.062, 6.481, 6.848, 7.163, 7.425, 7.638, 7.807, 7.938, 8.037, 8.109, 8.161, 8.194, 8.22
2835, 1, 0.999, 0.974, 0.88, 0.8, 0.791, 0.91, 1.218, 1.763, 2.553, 3.534, 4.065, 4.602, 5.129, 5.631, 6.096, 6.516, 6.883, 7.197, 7.457, 7.669, 7.836, 7.965, 8.062, 8.132, 8.182, 8.214, 8.239
2864, 1, 0.999, 0.973, 0.879, 0.8, 0.793, 0.915, 1.228, 1.78, 2.576, 3.564, 4.098, 4.638, 5.168, 5.673, 6.14, 6.561, 6.929, 7.242, 7.503, 7.713, 7.878, 8.005, 8.101, 8.169, 8.217, 8.249, 8.272
2897, 1, 0.999, 0.973, 0.878, 0.799, 0.794, 0.92, 1.239, 1.797, 2.601, 3.596, 4.135, 4.678, 5.212, 5.72, 6.19, 6.613, 6.983, 7.298, 7.558, 7.768, 7.934, 8.06, 8.154, 8.222, 8.269, 8.299, 8.322
2916, 1, 0.999, 0.972, 0.877, 0.799, 0.795, 0.924, 1.245, 1.807, 2.614, 3.614, 4.155, 4.701, 5.236, 5.747, 6.219, 6.643, 7.015, 7.331, 7.592, 7.803, 7.968, 8.095, 8.189, 8.256, 8.303, 8.333, 8.356
2934, 1, 0.999, 0.972, 0.877, 0.798, 0.796, 0.927, 1.251, 1.816, 2.627, 3.631, 4.173, 4.721, 5.259, 5.771, 6.245, 6.672, 7.045, 7.362, 7.625, 7.837, 8.003, 8.13, 8.224, 8.292, 8.339, 8.369, 8.391
2963, 1, 0.999, 0.972, 0.875, 0.798, 0.798, 0.932, 1.261, 1.83, 2.646, 3.655, 4.201, 4.752, 5.294, 5.81, 6.288, 6.718, 7.095, 7.415, 7.681, 7.895, 8.063, 8.192, 8.287, 8.355, 8.403, 8.434, 8.456
2986, 1, 0.999, 0.971, 0.875, 0.798, 0.8, 0.937, 1.269, 1.841, 2.66, 3.673, 4.221, 4.775, 5.319, 5.839, 6.32, 6.754, 7.134, 7.458, 7.727, 7.944, 8.114, 8.245, 8.342, 8.412, 8.46, 8.492, 8.515
3015, 1, 0.998, 0.971, 0.873, 0.797, 0.802, 0.943, 1.279, 1.855, 2.676, 3.693, 4.243, 4.801, 5.349, 5.872, 6.359, 6.798, 7.184, 7.513, 7.788, 8.01, 8.185, 8.32, 8.42, 8.493, 8.543, 8.576, 8.6
3053, 1, 0.998, 0.97, 0.872, 0.797, 0.806, 0.952, 1.293, 1.871, 2.694, 3.713, 4.265, 4.827, 5.38, 5.91, 6.405, 6.853, 7.249, 7.59, 7.875, 8.107, 8.293, 8.436, 8.544, 8.623, 8.678, 8.714, 8.741
3081, 1, 0.998, 0.969, 0.87, 0.796, 0.808, 0.96, 1.304, 1.882, 2.703, 3.72, 4.274, 4.837, 5.395, 5.932, 6.435, 6.893, 7.3, 7.653, 7.951, 8.196, 8.393, 8.547, 8.664, 8.751, 8.813, 8.853, 8.884
3109, 1, 0.998, 0.968, 0.867, 0.794, 0.811, 0.969, 1.315, 1.891, 2.705, 3.717, 4.27, 4.836, 5.4, 5.946, 6.461, 6.935, 7.361, 7.733, 8.052, 8.318, 8.535, 8.708, 8.841, 8.942, 9.015, 9.063, 9.1
3133, 1, 0.998, 0.967, 0.863, 0.79, 0.814, 0.978, 1.325, 1.895, 2.697, 3.699, 4.251, 4.82, 5.391, 5.95, 6.484, 6.982, 7.436, 7.841, 8.193, 8.493, 8.743, 8.947, 9.109, 9.233, 9.324, 9.386, 9.434
3156, 1, 0.998, 0.965, 0.854, 0.782, 0.815, 0.988, 1.336, 1.891, 2.67, 3.653, 4.203, 4.778, 5.365, 5.952, 6.526, 7.075, 7.59, 8.064, 8.491, 8.867, 9.192, 9.466, 9.691, 9.869, 10.003, 10.096, 10.169
3175, 1, 0.998, 0.96, 0.833, 0.762, 0.814, 1.004, 1.347, 1.871, 2.607, 3.564, 4.118, 4.715, 5.347, 6.006, 6.683, 7.364, 8.039, 8.695, 9.317, 9.895, 10.418, 10.877, 11.267, 11.585, 11.831, 12.005, 12.143
3185, 1, 0.998, 0.95, 0.802, 0.741, 0.823, 1.028, 1.353, 1.842, 2.55, 3.513, 4.097, 4.753, 5.482, 6.285, 7.156, 8.084, 9.05, 10.03, 10.993, 11.909, 12.75, 13.491, 14.118, 14.623, 15.007, 15.274, 15.482
3189, 1, 0.997, 0.94, 0.778, 0.733, 0.843, 1.049, 1.351, 1.826, 2.555, 3.585, 4.229, 4.973, 5.827, 6.798, 7.886, 9.072, 10.326, 11.603, 12.848, 14.006, 15.031, 15.889, 16.567, 17.067, 17.411, 17.626, 17.777
3191, 1, 0.995, 0.931, 0.76, 0.736, 0.867, 1.062, 1.34, 1.824, 2.615, 3.76, 4.487, 5.34, 6.338, 7.493, 8.801, 10.234, 11.739, 13.244, 14.663, 15.915, 16.935, 17.689, 18.177, 18.434, 18.523, 18.514, 18.458
3194, 1, 0.987, 0.897, 0.741, 0.815, 0.968, 1.056, 1.277, 1.988, 3.333, 5.259, 6.461, 7.873, 9.543, 11.493, 13.699, 16.069, 18.444, 20.611, 22.344, 23.445, 23.791, 23.369, 22.287, 20.765, 19.101, 17.613, 16.224
3196, 1, 0.98, 0.912, 0.862, 0.965, 1.075, 1.179, 1.533, 2.445, 3.95, 5.766, 6.704, 7.668, 8.713, 9.936, 11.458, 13.41, 15.902, 19.004, 22.721, 26.986, 31.655, 36.52, 41.32, 45.771, 49.591, 52.525, 55.002
3198, 1, 0.984, 0.925, 0.866, 0.955, 1.107, 1.28, 1.599, 2.275, 3.367, 4.643, 5.248, 5.819, 6.399, 7.091, 8.054, 9.482, 11.578, 14.515, 18.398, 23.227, 28.878, 35.098, 41.519, 47.694, 53.147, 57.424, 61.092
3199, 1, 0.984, 0.926, 0.876, 0.979, 1.136, 1.293, 1.589, 2.257, 3.366, 4.668, 5.283, 5.855, 6.426, 7.097, 8.02, 9.38, 11.374, 14.166, 17.852, 22.43, 27.781, 33.662, 39.725, 45.55, 50.689, 54.716, 58.168
3212, 1, 0.991, 0.967, 0.949, 0.966, 0.988, 1.081, 1.407, 2.121, 3.217, 4.491, 5.104, 5.661, 6.147, 6.563, 6.927, 7.266, 7.615, 8.005, 8.46, 8.992, 9.596, 10.25, 10.919, 11.56, 12.123, 12.565, 12.942
3214, 1, 0.992, 0.969, 0.945, 0.951, 0.97, 1.069, 1.401, 2.102, 3.168, 4.411, 5.013, 5.565, 6.05, 6.465, 6.821, 7.14, 7.448, 7.773, 8.135, 8.546, 9.005, 9.499, 10.003, 10.485, 10.909, 11.241, 11.525
3218, 1, 0.993, 0.97, 0.936, 0.929, 0.946, 1.056, 1.393, 2.075, 3.095, 4.289, 4.877, 5.422, 5.907, 6.325, 6.678, 6.98, 7.249, 7.504, 7.763, 8.038, 8.331, 8.64, 8.951, 9.246, 9.506, 9.709, 9.883
3221, 1, 0.994, 0.97, 0.931, 0.917, 0.934, 1.05, 1.39, 2.061, 3.054, 4.221, 4.801, 5.344, 5.83, 6.251, 6.607, 6.907, 7.164, 7.394, 7.614, 7.835, 8.061, 8.293, 8.524, 8.742, 8.932, 9.081, 9.208
3225, 1, 0.994, 0.971, 0.926, 0.906, 0.923, 1.046, 1.389, 2.047, 3.013, 4.153, 4.725, 5.264, 5.752, 6.179, 6.54, 6.841, 7.093, 7.307, 7.499, 7.678, 7.853, 8.024, 8.191, 8.345, 8.48, 8.584, 8.673
3231, 1, 0.995, 0.971, 0.92, 0.895, 0.914, 1.044, 1.389, 2.032, 2.969, 4.079, 4.642, 5.178, 5.668, 6.101, 6.47, 6.778, 7.03, 7.237, 7.41, 7.561, 7.696, 7.82, 7.936, 8.04, 8.128, 8.196, 8.254
3254, 1, 0.995, 0.971, 0.911, 0.88, 0.907, 1.052, 1.397, 2.006, 2.878, 3.922, 4.461, 4.986, 5.476, 5.92, 6.307, 6.633, 6.901, 7.115, 7.284, 7.414, 7.516, 7.596, 7.66, 7.71, 7.749, 7.778, 7.801
3283, 1, 0.995, 0.971, 0.912, 0.885, 0.922, 1.074, 1.41, 1.986, 2.802, 3.783, 4.295, 4.797, 5.273, 5.707, 6.091, 6.419, 6.691, 6.909, 7.08, 7.21, 7.308, 7.382, 7.436, 7.476, 7.505, 7.525, 7.541
3316, 1, 0.995, 0.972, 0.921, 0.907, 0.954, 1.104, 1.416, 1.939, 2.677, 3.566, 4.032, 4.49, 4.926, 5.325, 5.678, 5.98, 6.229, 6.429, 6.584, 6.701, 6.787, 6.849, 6.893, 6.925, 6.947, 6.962, 6.973
3344, 1, 0.995, 0.975, 0.939, 0.938, 0.988, 1.121, 1.388, 1.836, 2.471, 3.239, 3.641, 4.036, 4.409, 4.749, 5.047, 5.298, 5.501, 5.658, 5.776, 5.859, 5.917, 5.954, 5.978, 5.993, 6.002, 6.008, 6.011
3363, 1, 0.996, 0.98, 0.957, 0.963, 1.005, 1.109, 1.323, 1.692, 2.226, 2.879, 3.221, 3.555, 3.869, 4.15, 4.391, 4.588, 4.74, 4.851, 4.926, 4.971, 4.995, 5.003, 5.002, 4.997, 4.99, 4.984, 4.979
3377, 1, 0.996, 0.985, 0.972, 0.978, 1.002, 1.07, 1.228, 1.523, 1.97, 2.526, 2.817, 3.101, 3.364, 3.596, 3.789, 3.939, 4.048, 4.117, 4.153, 4.163, 4.155, 4.136, 4.111, 4.086, 4.064, 4.048, 4.033
3386, 1, 0.997, 0.99, 0.981, 0.981, 0.987, 1.022, 1.138, 1.383, 1.773, 2.269, 2.531, 2.785, 3.018, 3.221, 3.385, 3.508, 3.59, 3.634, 3.646, 3.634, 3.605, 3.568, 3.527, 3.489, 3.457, 3.432, 3.412
3391, 1, 0.998, 0.992, 0.985, 0.98, 0.972, 0.987, 1.078, 1.295, 1.657, 2.126, 2.374, 2.614, 2.835, 3.024, 3.176, 3.287, 3.356, 3.388, 3.389, 3.366, 3.328, 3.281, 3.233, 3.188, 3.151, 3.122, 3.099
3400, 1, 0.999, 0.997, 0.989, 0.968, 0.93, 0.906, 0.954, 1.129, 1.452, 1.888, 2.122, 2.348, 2.555, 2.732, 2.872, 2.97, 3.027, 3.047, 3.035, 3, 2.95, 2.892, 2.833, 2.78, 2.735, 2.701, 2.673
</Data> 