<Source> SigmaCalcv1.6 (r33) </Source> 
<Created> File created 09-10-2009 17:17:27 by Nuno P. Barradas</Created> 
<Comment>  </Comment> 
<Reaction>  </Reaction> 
<EnergyRange>1000 2992</EnergyRange>
<AnglesNumber>  37 </AnglesNumber> 
<EnergiesNumber>  250 </EnergiesNumber> 
<Data> 
, 1, 5, 10, 15, 20, 25, 30, 35, 40, 45, 50, 55, 60, 65, 70, 75, 80, 85, 90, 95, 100, 105, 110, 115, 120, 125, 130, 135, 140, 145, 150, 155, 160, 165, 170, 175, 180
1000, 1, 1, 1, 1, 1, 1, 1, 1, 1.001, 1.001, 1.001, 1.001, 1.001, 1, 1, 0.999, 0.998, 0.997, 0.996, 0.996, 0.995, 0.994, 0.993, 0.992, 0.991, 0.991, 0.99, 0.99, 0.989, 0.989, 0.989, 0.989, 0.989, 0.989, 0.989, 0.989, 0.989
1008, 1, 1, 1, 1, 1, 1, 1, 1, 1.001, 1.001, 1.001, 1.001, 1.001, 1, 1, 0.999, 0.998, 0.997, 0.996, 0.996, 0.995, 0.994, 0.993, 0.992, 0.991, 0.991, 0.99, 0.99, 0.989, 0.989, 0.989, 0.989, 0.989, 0.989, 0.989, 0.989, 0.989
1016, 1, 1, 1, 1, 1, 1, 1, 1, 1.001, 1.001, 1.001, 1.001, 1.001, 1, 1, 0.999, 0.998, 0.997, 0.996, 0.995, 0.995, 0.994, 0.993, 0.992, 0.991, 0.991, 0.99, 0.99, 0.989, 0.989, 0.989, 0.989, 0.989, 0.989, 0.989, 0.989, 0.989
1024, 1, 1, 1, 1, 1, 1, 1, 1, 1.001, 1.001, 1.001, 1.001, 1.001, 1, 1, 0.999, 0.998, 0.997, 0.996, 0.995, 0.995, 0.994, 0.993, 0.992, 0.991, 0.991, 0.99, 0.989, 0.989, 0.989, 0.989, 0.989, 0.988, 0.988, 0.988, 0.988, 0.988
1032, 1, 1, 1, 1, 1, 1, 1, 1, 1.001, 1.001, 1.001, 1.001, 1, 1, 1, 0.999, 0.998, 0.997, 0.996, 0.995, 0.995, 0.994, 0.993, 0.992, 0.991, 0.99, 0.99, 0.989, 0.989, 0.989, 0.988, 0.988, 0.988, 0.988, 0.988, 0.988, 0.988
1040, 1, 1, 1, 1, 1, 1, 1, 1.001, 1.001, 1.001, 1.001, 1.001, 1, 1, 0.999, 0.999, 0.998, 0.997, 0.996, 0.995, 0.995, 0.994, 0.993, 0.992, 0.991, 0.99, 0.99, 0.989, 0.989, 0.989, 0.988, 0.988, 0.988, 0.988, 0.988, 0.988, 0.988
1048, 1, 1, 1, 1, 1, 1, 1, 1.001, 1.001, 1.001, 1.001, 1.001, 1, 1, 0.999, 0.999, 0.998, 0.997, 0.996, 0.995, 0.995, 0.994, 0.993, 0.992, 0.991, 0.99, 0.99, 0.989, 0.989, 0.988, 0.988, 0.988, 0.988, 0.988, 0.988, 0.988, 0.988
1056, 1, 1, 1, 1, 1, 1, 1, 1.001, 1.001, 1.001, 1.001, 1, 1, 1, 0.999, 0.999, 0.998, 0.997, 0.996, 0.995, 0.995, 0.994, 0.993, 0.992, 0.991, 0.99, 0.99, 0.989, 0.989, 0.988, 0.988, 0.988, 0.988, 0.987, 0.987, 0.987, 0.987
1064, 1, 1, 1, 1, 1, 1, 1, 1.001, 1.001, 1.001, 1.001, 1, 1, 1, 0.999, 0.998, 0.998, 0.997, 0.996, 0.995, 0.995, 0.994, 0.993, 0.992, 0.991, 0.99, 0.99, 0.989, 0.988, 0.988, 0.988, 0.987, 0.987, 0.987, 0.987, 0.987, 0.987
1072, 1, 1, 1, 1, 1, 1, 1.001, 1.001, 1.001, 1.001, 1.001, 1, 1, 1, 0.999, 0.998, 0.998, 0.997, 0.996, 0.995, 0.995, 0.994, 0.993, 0.992, 0.991, 0.99, 0.989, 0.989, 0.988, 0.988, 0.987, 0.987, 0.987, 0.987, 0.987, 0.987, 0.987
1080, 1, 1, 1, 1, 1, 1, 1.001, 1.001, 1.001, 1.001, 1.001, 1, 1, 0.999, 0.999, 0.998, 0.998, 0.997, 0.996, 0.995, 0.995, 0.994, 0.993, 0.992, 0.991, 0.99, 0.989, 0.989, 0.988, 0.988, 0.987, 0.987, 0.987, 0.986, 0.986, 0.986, 0.986
1088, 1, 1, 1, 1, 1, 1, 1.001, 1.001, 1.001, 1.001, 1, 1, 1, 0.999, 0.999, 0.998, 0.998, 0.997, 0.996, 0.995, 0.995, 0.994, 0.993, 0.992, 0.991, 0.99, 0.989, 0.989, 0.988, 0.987, 0.987, 0.987, 0.986, 0.986, 0.986, 0.986, 0.986
1096, 1, 1, 1, 1, 1, 1, 1.001, 1.001, 1.001, 1.001, 1, 1, 1, 0.999, 0.999, 0.998, 0.997, 0.997, 0.996, 0.995, 0.995, 0.994, 0.993, 0.992, 0.991, 0.99, 0.989, 0.988, 0.988, 0.987, 0.987, 0.986, 0.986, 0.986, 0.986, 0.985, 0.985
1104, 1, 1, 1, 1, 1, 1, 1.001, 1.001, 1.001, 1.001, 1, 1, 1, 0.999, 0.999, 0.998, 0.997, 0.997, 0.996, 0.995, 0.995, 0.994, 0.993, 0.992, 0.991, 0.99, 0.989, 0.988, 0.987, 0.987, 0.986, 0.986, 0.986, 0.985, 0.985, 0.985, 0.985
1112, 1, 1, 1, 1, 1, 1, 1.001, 1.001, 1.001, 1.001, 1, 1, 0.999, 0.999, 0.998, 0.998, 0.997, 0.997, 0.996, 0.995, 0.995, 0.994, 0.993, 0.992, 0.991, 0.99, 0.989, 0.988, 0.987, 0.987, 0.986, 0.986, 0.985, 0.985, 0.985, 0.985, 0.985
1120, 1, 1, 1, 1, 1, 1, 1.001, 1.001, 1.001, 1.001, 1, 1, 0.999, 0.999, 0.998, 0.998, 0.997, 0.997, 0.996, 0.995, 0.995, 0.994, 0.993, 0.992, 0.991, 0.99, 0.989, 0.988, 0.987, 0.986, 0.986, 0.985, 0.985, 0.984, 0.984, 0.984, 0.984
1128, 1, 1, 1, 1, 1, 1, 1.001, 1.001, 1.001, 1.001, 1, 1, 0.999, 0.999, 0.998, 0.998, 0.997, 0.997, 0.996, 0.995, 0.995, 0.994, 0.993, 0.992, 0.991, 0.99, 0.989, 0.988, 0.987, 0.986, 0.985, 0.985, 0.984, 0.984, 0.984, 0.984, 0.983
1136, 1, 1, 1, 1, 1, 1.001, 1.001, 1.001, 1.001, 1.001, 1, 1, 0.999, 0.998, 0.998, 0.997, 0.997, 0.997, 0.996, 0.995, 0.995, 0.994, 0.993, 0.992, 0.991, 0.99, 0.989, 0.988, 0.987, 0.986, 0.985, 0.984, 0.984, 0.983, 0.983, 0.983, 0.983
1144, 1, 1, 1, 1, 1, 1.001, 1.001, 1.001, 1.001, 1.001, 1, 0.999, 0.999, 0.998, 0.998, 0.997, 0.997, 0.996, 0.996, 0.995, 0.995, 0.994, 0.993, 0.992, 0.991, 0.99, 0.988, 0.987, 0.986, 0.985, 0.984, 0.984, 0.983, 0.983, 0.982, 0.982, 0.982
1152, 1, 1, 1, 0.999, 1, 1.001, 1.001, 1.002, 1.001, 1.001, 1, 0.999, 0.999, 0.998, 0.998, 0.997, 0.997, 0.996, 0.996, 0.995, 0.995, 0.994, 0.993, 0.992, 0.991, 0.99, 0.988, 0.987, 0.986, 0.985, 0.984, 0.983, 0.983, 0.982, 0.982, 0.982, 0.982
1160, 1, 1, 1, 0.999, 1, 1.001, 1.001, 1.002, 1.001, 1.001, 1, 0.999, 0.998, 0.998, 0.997, 0.997, 0.997, 0.996, 0.996, 0.995, 0.995, 0.994, 0.993, 0.992, 0.991, 0.989, 0.988, 0.987, 0.986, 0.985, 0.984, 0.983, 0.982, 0.982, 0.981, 0.981, 0.981
1168, 1, 1, 1, 0.999, 1, 1.001, 1.002, 1.002, 1.001, 1.001, 1, 0.999, 0.998, 0.998, 0.997, 0.997, 0.997, 0.996, 0.996, 0.996, 0.995, 0.994, 0.993, 0.992, 0.991, 0.989, 0.988, 0.987, 0.985, 0.984, 0.983, 0.982, 0.981, 0.981, 0.98, 0.98, 0.98
1176, 1, 1, 1, 0.999, 1, 1.001, 1.002, 1.002, 1.001, 1, 1, 0.999, 0.998, 0.997, 0.997, 0.997, 0.996, 0.996, 0.996, 0.996, 0.995, 0.994, 0.993, 0.992, 0.991, 0.989, 0.988, 0.986, 0.985, 0.984, 0.983, 0.982, 0.981, 0.98, 0.98, 0.979, 0.979
1184, 1, 1, 1, 0.999, 1, 1.001, 1.002, 1.002, 1.001, 1, 1, 0.999, 0.998, 0.997, 0.997, 0.996, 0.996, 0.996, 0.996, 0.996, 0.995, 0.994, 0.993, 0.992, 0.991, 0.989, 0.988, 0.986, 0.985, 0.983, 0.982, 0.981, 0.98, 0.979, 0.979, 0.979, 0.978
1192, 1, 1, 1, 0.999, 1, 1.001, 1.002, 1.002, 1.001, 1, 0.999, 0.998, 0.997, 0.997, 0.996, 0.996, 0.996, 0.996, 0.996, 0.996, 0.995, 0.994, 0.993, 0.992, 0.991, 0.989, 0.987, 0.986, 0.984, 0.983, 0.981, 0.98, 0.979, 0.979, 0.978, 0.978, 0.978
1200, 1, 1, 1, 0.999, 1, 1.001, 1.002, 1.002, 1.001, 1, 0.999, 0.998, 0.997, 0.997, 0.996, 0.996, 0.996, 0.996, 0.996, 0.996, 0.995, 0.994, 0.993, 0.992, 0.991, 0.989, 0.987, 0.985, 0.984, 0.982, 0.981, 0.979, 0.978, 0.978, 0.977, 0.977, 0.977
1208, 1, 1, 1, 0.999, 1, 1.001, 1.002, 1.002, 1.001, 1, 0.999, 0.998, 0.997, 0.996, 0.996, 0.996, 0.996, 0.996, 0.996, 0.996, 0.995, 0.995, 0.993, 0.992, 0.991, 0.989, 0.987, 0.985, 0.983, 0.982, 0.98, 0.979, 0.978, 0.977, 0.976, 0.976, 0.976
1216, 1, 1, 1, 0.999, 1, 1.001, 1.002, 1.002, 1.002, 1, 0.999, 0.998, 0.997, 0.996, 0.996, 0.996, 0.996, 0.996, 0.996, 0.996, 0.995, 0.995, 0.994, 0.992, 0.991, 0.989, 0.987, 0.985, 0.983, 0.981, 0.979, 0.978, 0.977, 0.976, 0.975, 0.975, 0.974
1224, 1, 1, 1, 0.999, 1, 1.002, 1.002, 1.002, 1.002, 1, 0.999, 0.997, 0.996, 0.996, 0.995, 0.995, 0.996, 0.996, 0.996, 0.996, 0.996, 0.995, 0.994, 0.992, 0.991, 0.989, 0.986, 0.984, 0.982, 0.98, 0.979, 0.977, 0.976, 0.975, 0.974, 0.973, 0.973
1232, 1, 1, 1, 0.999, 1, 1.002, 1.002, 1.002, 1.002, 1, 0.999, 0.997, 0.996, 0.995, 0.995, 0.995, 0.996, 0.996, 0.996, 0.996, 0.996, 0.995, 0.994, 0.992, 0.99, 0.988, 0.986, 0.984, 0.982, 0.98, 0.978, 0.976, 0.975, 0.973, 0.973, 0.972, 0.972
1240, 1, 1, 1, 0.999, 1, 1.002, 1.003, 1.003, 1.002, 1, 0.998, 0.997, 0.996, 0.995, 0.995, 0.995, 0.995, 0.996, 0.996, 0.996, 0.996, 0.995, 0.994, 0.992, 0.99, 0.988, 0.986, 0.984, 0.981, 0.979, 0.977, 0.975, 0.973, 0.972, 0.971, 0.971, 0.971
1248, 1, 1, 1, 0.999, 1, 1.002, 1.003, 1.003, 1.002, 1, 0.998, 0.996, 0.995, 0.995, 0.994, 0.995, 0.995, 0.996, 0.996, 0.996, 0.996, 0.995, 0.994, 0.992, 0.99, 0.988, 0.986, 0.983, 0.981, 0.978, 0.976, 0.974, 0.972, 0.971, 0.97, 0.969, 0.969
1256, 1, 1, 1, 0.999, 1, 1.002, 1.003, 1.003, 1.002, 1, 0.998, 0.996, 0.995, 0.994, 0.994, 0.994, 0.995, 0.996, 0.996, 0.996, 0.996, 0.995, 0.994, 0.992, 0.99, 0.988, 0.985, 0.983, 0.98, 0.977, 0.975, 0.973, 0.971, 0.97, 0.969, 0.968, 0.968
1264, 1, 1, 1, 0.999, 1, 1.002, 1.003, 1.003, 1.002, 1, 0.998, 0.996, 0.994, 0.994, 0.994, 0.994, 0.995, 0.996, 0.996, 0.996, 0.996, 0.996, 0.994, 0.993, 0.99, 0.988, 0.985, 0.982, 0.979, 0.976, 0.974, 0.972, 0.97, 0.968, 0.967, 0.966, 0.966
1272, 1, 1, 0.999, 0.999, 1, 1.002, 1.003, 1.003, 1.002, 1, 0.997, 0.995, 0.994, 0.993, 0.993, 0.994, 0.995, 0.995, 0.996, 0.997, 0.996, 0.996, 0.994, 0.993, 0.99, 0.988, 0.985, 0.982, 0.978, 0.975, 0.973, 0.97, 0.968, 0.967, 0.965, 0.965, 0.964
1280, 1, 1, 0.999, 0.999, 1, 1.002, 1.004, 1.003, 1.002, 0.999, 0.997, 0.995, 0.994, 0.993, 0.993, 0.994, 0.994, 0.995, 0.996, 0.997, 0.997, 0.996, 0.995, 0.993, 0.99, 0.987, 0.984, 0.981, 0.978, 0.974, 0.972, 0.969, 0.967, 0.965, 0.964, 0.963, 0.963
1288, 1, 1, 0.999, 0.999, 1, 1.003, 1.004, 1.004, 1.002, 0.999, 0.997, 0.994, 0.993, 0.992, 0.992, 0.993, 0.994, 0.995, 0.996, 0.997, 0.997, 0.996, 0.995, 0.993, 0.99, 0.987, 0.984, 0.98, 0.977, 0.973, 0.97, 0.967, 0.965, 0.963, 0.962, 0.961, 0.961
1296, 1, 1, 0.999, 0.999, 1.001, 1.003, 1.004, 1.004, 1.002, 0.999, 0.996, 0.994, 0.992, 0.992, 0.992, 0.993, 0.994, 0.995, 0.996, 0.997, 0.997, 0.996, 0.995, 0.993, 0.99, 0.987, 0.983, 0.98, 0.976, 0.972, 0.969, 0.966, 0.963, 0.961, 0.96, 0.959, 0.958
1304, 1, 1, 0.999, 0.999, 1.001, 1.003, 1.004, 1.004, 1.002, 0.999, 0.996, 0.994, 0.992, 0.991, 0.991, 0.992, 0.994, 0.995, 0.996, 0.997, 0.997, 0.997, 0.995, 0.993, 0.99, 0.987, 0.983, 0.979, 0.975, 0.971, 0.967, 0.964, 0.961, 0.959, 0.958, 0.957, 0.956
1312, 1, 1, 0.999, 0.999, 1.001, 1.003, 1.005, 1.004, 1.002, 0.999, 0.996, 0.993, 0.991, 0.991, 0.991, 0.992, 0.994, 0.995, 0.996, 0.997, 0.997, 0.997, 0.995, 0.993, 0.99, 0.986, 0.982, 0.978, 0.974, 0.97, 0.966, 0.962, 0.959, 0.957, 0.955, 0.954, 0.954
1320, 1, 1, 0.999, 0.999, 1.001, 1.004, 1.005, 1.004, 1.002, 0.999, 0.995, 0.992, 0.991, 0.99, 0.99, 0.992, 0.993, 0.995, 0.997, 0.998, 0.998, 0.997, 0.995, 0.993, 0.99, 0.986, 0.982, 0.977, 0.973, 0.968, 0.964, 0.96, 0.957, 0.955, 0.953, 0.952, 0.951
1328, 1, 1, 0.999, 0.999, 1.001, 1.004, 1.005, 1.004, 1.002, 0.998, 0.995, 0.992, 0.99, 0.989, 0.99, 0.991, 0.993, 0.995, 0.997, 0.998, 0.998, 0.997, 0.996, 0.993, 0.99, 0.986, 0.981, 0.976, 0.971, 0.967, 0.962, 0.958, 0.955, 0.952, 0.95, 0.949, 0.949
1336, 1, 1, 0.999, 0.999, 1.001, 1.004, 1.006, 1.005, 1.002, 0.998, 0.994, 0.991, 0.989, 0.989, 0.989, 0.991, 0.993, 0.995, 0.997, 0.998, 0.998, 0.998, 0.996, 0.993, 0.99, 0.985, 0.98, 0.975, 0.97, 0.965, 0.96, 0.956, 0.953, 0.95, 0.947, 0.946, 0.946
1344, 1, 1, 0.999, 0.999, 1.001, 1.004, 1.006, 1.005, 1.002, 0.998, 0.994, 0.99, 0.988, 0.988, 0.988, 0.99, 0.992, 0.995, 0.997, 0.998, 0.999, 0.998, 0.996, 0.993, 0.989, 0.985, 0.98, 0.974, 0.969, 0.963, 0.958, 0.954, 0.95, 0.947, 0.944, 0.943, 0.943
1352, 1, 1, 0.999, 0.999, 1.001, 1.005, 1.006, 1.005, 1.002, 0.998, 0.993, 0.99, 0.988, 0.987, 0.988, 0.99, 0.992, 0.995, 0.997, 0.998, 0.999, 0.998, 0.996, 0.993, 0.989, 0.984, 0.979, 0.973, 0.967, 0.962, 0.956, 0.951, 0.947, 0.944, 0.941, 0.94, 0.939
1360, 1, 1, 0.999, 0.999, 1.002, 1.005, 1.007, 1.006, 1.002, 0.997, 0.993, 0.989, 0.987, 0.986, 0.987, 0.989, 0.992, 0.995, 0.997, 0.999, 0.999, 0.999, 0.997, 0.993, 0.989, 0.984, 0.978, 0.972, 0.966, 0.96, 0.954, 0.949, 0.944, 0.94, 0.938, 0.936, 0.936
1368, 1, 1, 0.999, 0.999, 1.002, 1.005, 1.007, 1.006, 1.002, 0.997, 0.992, 0.988, 0.986, 0.985, 0.986, 0.988, 0.991, 0.995, 0.997, 0.999, 1, 0.999, 0.997, 0.994, 0.989, 0.983, 0.977, 0.971, 0.964, 0.957, 0.951, 0.946, 0.941, 0.937, 0.934, 0.932, 0.932
1376, 1, 1, 0.999, 0.999, 1.002, 1.006, 1.008, 1.006, 1.002, 0.997, 0.991, 0.987, 0.985, 0.984, 0.985, 0.988, 0.991, 0.994, 0.997, 0.999, 1, 0.999, 0.997, 0.994, 0.989, 0.983, 0.976, 0.969, 0.962, 0.955, 0.949, 0.943, 0.937, 0.933, 0.93, 0.928, 0.928
1384, 1, 1, 0.999, 0.999, 1.002, 1.006, 1.008, 1.006, 1.002, 0.996, 0.99, 0.986, 0.983, 0.983, 0.984, 0.987, 0.991, 0.994, 0.997, 1, 1, 1, 0.998, 0.994, 0.989, 0.982, 0.975, 0.968, 0.96, 0.953, 0.946, 0.939, 0.934, 0.929, 0.926, 0.924, 0.923
1392, 1, 1, 0.999, 0.998, 1.002, 1.007, 1.008, 1.007, 1.002, 0.996, 0.99, 0.985, 0.982, 0.982, 0.983, 0.986, 0.99, 0.994, 0.998, 1, 1.001, 1, 0.998, 0.994, 0.988, 0.982, 0.974, 0.966, 0.958, 0.95, 0.942, 0.936, 0.93, 0.925, 0.921, 0.919, 0.919
1400, 1, 1, 0.999, 0.998, 1.002, 1.007, 1.009, 1.007, 1.002, 0.995, 0.989, 0.984, 0.981, 0.981, 0.982, 0.986, 0.99, 0.994, 0.998, 1, 1.001, 1.001, 0.998, 0.994, 0.988, 0.981, 0.973, 0.964, 0.956, 0.947, 0.939, 0.932, 0.925, 0.92, 0.917, 0.914, 0.913
1408, 1, 1, 0.999, 0.998, 1.003, 1.008, 1.01, 1.007, 1.002, 0.995, 0.988, 0.982, 0.98, 0.979, 0.981, 0.985, 0.989, 0.994, 0.998, 1.001, 1.002, 1.001, 0.999, 0.994, 0.988, 0.98, 0.972, 0.962, 0.953, 0.944, 0.935, 0.927, 0.921, 0.915, 0.911, 0.909, 0.908
1416, 1, 1, 0.998, 0.998, 1.003, 1.008, 1.01, 1.008, 1.002, 0.994, 0.987, 0.981, 0.978, 0.978, 0.98, 0.984, 0.989, 0.994, 0.998, 1.001, 1.002, 1.002, 0.999, 0.994, 0.987, 0.979, 0.97, 0.96, 0.95, 0.941, 0.931, 0.923, 0.916, 0.91, 0.906, 0.903, 0.902
1424, 1, 1, 0.998, 0.998, 1.003, 1.009, 1.011, 1.008, 1.002, 0.993, 0.985, 0.98, 0.976, 0.976, 0.979, 0.983, 0.988, 0.994, 0.998, 1.002, 1.003, 1.002, 0.999, 0.994, 0.987, 0.978, 0.969, 0.958, 0.947, 0.937, 0.927, 0.918, 0.91, 0.904, 0.899, 0.897, 0.896
1432, 1, 1, 0.998, 0.998, 1.004, 1.01, 1.012, 1.008, 1.001, 0.993, 0.984, 0.978, 0.975, 0.974, 0.977, 0.982, 0.988, 0.994, 0.999, 1.002, 1.004, 1.003, 1, 0.994, 0.987, 0.977, 0.967, 0.956, 0.944, 0.933, 0.922, 0.913, 0.904, 0.898, 0.893, 0.89, 0.889
1440, 1, 1, 0.998, 0.998, 1.004, 1.01, 1.012, 1.009, 1.001, 0.992, 0.983, 0.976, 0.973, 0.973, 0.976, 0.981, 0.987, 0.993, 0.999, 1.003, 1.004, 1.004, 1, 0.994, 0.986, 0.976, 0.965, 0.953, 0.941, 0.929, 0.917, 0.907, 0.898, 0.891, 0.886, 0.882, 0.881
1448, 1, 1, 0.998, 0.998, 1.004, 1.011, 1.013, 1.009, 1.001, 0.991, 0.981, 0.974, 0.971, 0.971, 0.974, 0.98, 0.986, 0.993, 0.999, 1.004, 1.005, 1.004, 1.001, 0.994, 0.986, 0.975, 0.963, 0.95, 0.937, 0.924, 0.912, 0.901, 0.891, 0.884, 0.878, 0.875, 0.873
1456, 1, 1, 0.998, 0.998, 1.005, 1.012, 1.014, 1.01, 1.001, 0.99, 0.98, 0.972, 0.968, 0.968, 0.972, 0.978, 0.986, 0.993, 1, 1.004, 1.006, 1.005, 1.001, 0.994, 0.985, 0.974, 0.961, 0.947, 0.933, 0.919, 0.906, 0.894, 0.884, 0.875, 0.87, 0.866, 0.865
1464, 1, 1, 0.998, 0.998, 1.005, 1.013, 1.015, 1.01, 1.001, 0.989, 0.978, 0.97, 0.966, 0.966, 0.97, 0.977, 0.985, 0.993, 1, 1.005, 1.007, 1.006, 1.002, 0.994, 0.984, 0.972, 0.958, 0.943, 0.928, 0.913, 0.899, 0.886, 0.876, 0.867, 0.86, 0.856, 0.855
1472, 1, 1, 0.997, 0.998, 1.006, 1.014, 1.016, 1.011, 1, 0.988, 0.976, 0.967, 0.963, 0.963, 0.968, 0.975, 0.984, 0.993, 1, 1.006, 1.008, 1.007, 1.002, 0.994, 0.983, 0.97, 0.955, 0.939, 0.923, 0.907, 0.892, 0.878, 0.867, 0.857, 0.85, 0.846, 0.845
1480, 1, 1, 0.997, 0.998, 1.007, 1.015, 1.017, 1.012, 1, 0.986, 0.973, 0.964, 0.96, 0.961, 0.966, 0.974, 0.983, 0.993, 1.001, 1.007, 1.009, 1.008, 1.003, 0.994, 0.983, 0.968, 0.952, 0.935, 0.917, 0.9, 0.884, 0.87, 0.857, 0.847, 0.839, 0.835, 0.833
1488, 1, 1, 0.997, 0.998, 1.007, 1.016, 1.018, 1.012, 0.999, 0.985, 0.971, 0.961, 0.957, 0.957, 0.963, 0.972, 0.982, 0.993, 1.002, 1.008, 1.01, 1.009, 1.003, 0.994, 0.981, 0.966, 0.949, 0.93, 0.911, 0.893, 0.875, 0.86, 0.846, 0.835, 0.827, 0.822, 0.821
1496, 1, 1, 0.997, 0.998, 1.008, 1.018, 1.02, 1.013, 0.999, 0.983, 0.968, 0.957, 0.953, 0.954, 0.96, 0.97, 0.981, 0.993, 1.002, 1.009, 1.012, 1.01, 1.004, 0.994, 0.98, 0.964, 0.945, 0.925, 0.904, 0.884, 0.866, 0.849, 0.834, 0.823, 0.814, 0.808, 0.807
1504, 1, 1, 0.996, 0.998, 1.009, 1.019, 1.021, 1.013, 0.998, 0.981, 0.965, 0.953, 0.949, 0.95, 0.957, 0.968, 0.98, 0.993, 1.003, 1.01, 1.013, 1.011, 1.005, 0.994, 0.979, 0.961, 0.94, 0.919, 0.897, 0.875, 0.855, 0.837, 0.821, 0.808, 0.799, 0.793, 0.792
1512, 1, 1.001, 0.996, 0.998, 1.01, 1.021, 1.023, 1.014, 0.997, 0.978, 0.961, 0.949, 0.944, 0.946, 0.954, 0.966, 0.979, 0.993, 1.004, 1.012, 1.015, 1.013, 1.006, 0.993, 0.977, 0.958, 0.935, 0.912, 0.888, 0.865, 0.843, 0.824, 0.807, 0.793, 0.783, 0.777, 0.775
1520, 1, 1.001, 0.996, 0.998, 1.011, 1.023, 1.025, 1.015, 0.996, 0.975, 0.957, 0.944, 0.939, 0.941, 0.95, 0.963, 0.978, 0.993, 1.005, 1.013, 1.017, 1.014, 1.006, 0.993, 0.975, 0.954, 0.93, 0.904, 0.879, 0.854, 0.83, 0.809, 0.79, 0.776, 0.765, 0.758, 0.756
1528, 1, 1.001, 0.995, 0.998, 1.013, 1.025, 1.027, 1.015, 0.995, 0.972, 0.952, 0.938, 0.933, 0.936, 0.946, 0.96, 0.977, 0.993, 1.006, 1.015, 1.019, 1.016, 1.007, 0.992, 0.973, 0.95, 0.923, 0.896, 0.868, 0.841, 0.815, 0.792, 0.772, 0.757, 0.745, 0.738, 0.736
1536, 1, 1.001, 0.995, 0.998, 1.014, 1.028, 1.029, 1.016, 0.994, 0.968, 0.946, 0.932, 0.926, 0.93, 0.941, 0.957, 0.976, 0.993, 1.008, 1.018, 1.021, 1.018, 1.008, 0.992, 0.97, 0.945, 0.916, 0.886, 0.856, 0.826, 0.798, 0.774, 0.752, 0.735, 0.723, 0.715, 0.713
1544, 1, 1.001, 0.994, 0.999, 1.016, 1.031, 1.031, 1.016, 0.992, 0.964, 0.94, 0.924, 0.919, 0.923, 0.936, 0.954, 0.974, 0.994, 1.01, 1.02, 1.024, 1.02, 1.008, 0.99, 0.967, 0.939, 0.907, 0.874, 0.841, 0.809, 0.779, 0.753, 0.73, 0.711, 0.698, 0.69, 0.687
1552, 1, 1.001, 0.994, 0.999, 1.018, 1.034, 1.034, 1.017, 0.989, 0.958, 0.932, 0.915, 0.91, 0.916, 0.93, 0.951, 0.973, 0.995, 1.012, 1.023, 1.027, 1.022, 1.009, 0.989, 0.963, 0.931, 0.897, 0.861, 0.825, 0.79, 0.758, 0.729, 0.704, 0.684, 0.67, 0.661, 0.658
1560, 1, 1.001, 0.993, 0.999, 1.021, 1.038, 1.037, 1.017, 0.986, 0.952, 0.923, 0.905, 0.9, 0.907, 0.924, 0.947, 0.972, 0.996, 1.015, 1.027, 1.03, 1.024, 1.01, 0.987, 0.957, 0.923, 0.885, 0.846, 0.806, 0.768, 0.733, 0.702, 0.675, 0.654, 0.639, 0.629, 0.626
1568, 1, 1.001, 0.992, 1, 1.024, 1.042, 1.04, 1.017, 0.982, 0.944, 0.912, 0.893, 0.888, 0.897, 0.917, 0.943, 0.972, 0.998, 1.019, 1.031, 1.034, 1.027, 1.01, 0.984, 0.951, 0.912, 0.871, 0.827, 0.784, 0.743, 0.705, 0.671, 0.643, 0.62, 0.604, 0.594, 0.59
1576, 1, 1.001, 0.991, 1.001, 1.028, 1.048, 1.044, 1.017, 0.976, 0.933, 0.899, 0.878, 0.875, 0.886, 0.909, 0.939, 0.972, 1.001, 1.023, 1.037, 1.039, 1.03, 1.01, 0.98, 0.943, 0.899, 0.853, 0.805, 0.758, 0.714, 0.673, 0.636, 0.606, 0.582, 0.565, 0.554, 0.55
1584, 1, 1.001, 0.99, 1.002, 1.033, 1.054, 1.047, 1.015, 0.968, 0.92, 0.882, 0.861, 0.859, 0.873, 0.901, 0.936, 0.973, 1.005, 1.03, 1.043, 1.044, 1.032, 1.009, 0.974, 0.931, 0.883, 0.832, 0.779, 0.728, 0.679, 0.635, 0.597, 0.565, 0.54, 0.522, 0.511, 0.507
1592, 1, 1.001, 0.989, 1.004, 1.04, 1.061, 1.051, 1.012, 0.957, 0.903, 0.862, 0.84, 0.84, 0.859, 0.893, 0.934, 0.975, 1.012, 1.038, 1.052, 1.051, 1.035, 1.006, 0.966, 0.917, 0.862, 0.805, 0.747, 0.691, 0.64, 0.593, 0.553, 0.52, 0.495, 0.476, 0.465, 0.462
1600, 1, 1.001, 0.988, 1.006, 1.048, 1.07, 1.054, 1.006, 0.942, 0.881, 0.836, 0.814, 0.818, 0.844, 0.885, 0.934, 0.982, 1.022, 1.051, 1.063, 1.058, 1.037, 1.001, 0.953, 0.897, 0.835, 0.771, 0.708, 0.649, 0.595, 0.547, 0.507, 0.474, 0.449, 0.432, 0.421, 0.418
1608, 1, 1.001, 0.986, 1.011, 1.058, 1.079, 1.055, 0.996, 0.92, 0.85, 0.802, 0.784, 0.794, 0.83, 0.881, 0.94, 0.995, 1.039, 1.068, 1.077, 1.067, 1.038, 0.992, 0.934, 0.868, 0.798, 0.728, 0.661, 0.6, 0.546, 0.5, 0.463, 0.433, 0.412, 0.397, 0.388, 0.386
1616, 1, 1.001, 0.985, 1.018, 1.071, 1.089, 1.052, 0.977, 0.887, 0.809, 0.761, 0.749, 0.771, 0.821, 0.886, 0.956, 1.019, 1.067, 1.093, 1.096, 1.076, 1.034, 0.975, 0.905, 0.828, 0.75, 0.675, 0.607, 0.548, 0.5, 0.462, 0.434, 0.414, 0.401, 0.393, 0.388, 0.387
1624, 1, 1, 0.984, 1.028, 1.087, 1.095, 1.04, 0.943, 0.839, 0.756, 0.713, 0.714, 0.756, 0.826, 0.91, 0.994, 1.064, 1.111, 1.13, 1.12, 1.082, 1.022, 0.945, 0.859, 0.771, 0.688, 0.614, 0.553, 0.507, 0.476, 0.458, 0.451, 0.452, 0.457, 0.464, 0.469, 0.47
1632, 1, 0.999, 0.985, 1.043, 1.102, 1.092, 1.009, 0.888, 0.772, 0.693, 0.667, 0.696, 0.769, 0.867, 0.973, 1.069, 1.14, 1.178, 1.18, 1.145, 1.08, 0.994, 0.894, 0.793, 0.698, 0.618, 0.559, 0.522, 0.509, 0.517, 0.542, 0.578, 0.62, 0.66, 0.694, 0.716, 0.724
1640, 1, 0.997, 0.99, 1.061, 1.109, 1.066, 0.95, 0.811, 0.698, 0.643, 0.655, 0.728, 0.841, 0.971, 1.095, 1.193, 1.252, 1.265, 1.232, 1.161, 1.059, 0.942, 0.822, 0.712, 0.625, 0.569, 0.547, 0.563, 0.613, 0.691, 0.789, 0.898, 1.006, 1.103, 1.18, 1.229, 1.246
1648, 1, 0.994, 1, 1.074, 1.094, 1.014, 0.874, 0.739, 0.656, 0.648, 0.714, 0.835, 0.984, 1.133, 1.256, 1.336, 1.363, 1.335, 1.26, 1.148, 1.014, 0.877, 0.752, 0.655, 0.597, 0.588, 0.628, 0.718, 0.851, 1.017, 1.204, 1.396, 1.58, 1.74, 1.864, 1.943, 1.97
1656, 1, 0.992, 1.01, 1.073, 1.059, 0.955, 0.818, 0.713, 0.678, 0.723, 0.833, 0.983, 1.141, 1.28, 1.378, 1.423, 1.411, 1.346, 1.239, 1.105, 0.963, 0.83, 0.724, 0.658, 0.643, 0.685, 0.784, 0.936, 1.131, 1.359, 1.604, 1.849, 2.077, 2.274, 2.425, 2.52, 2.552
1664, 1, 0.992, 1.017, 1.062, 1.024, 0.916, 0.802, 0.735, 0.742, 0.819, 0.947, 1.097, 1.239, 1.351, 1.417, 1.429, 1.389, 1.305, 1.189, 1.058, 0.929, 0.818, 0.741, 0.708, 0.728, 0.802, 0.931, 1.107, 1.323, 1.564, 1.818, 2.067, 2.297, 2.493, 2.643, 2.737, 2.769
1672, 1, 0.993, 1.019, 1.048, 1, 0.901, 0.812, 0.776, 0.807, 0.897, 1.022, 1.157, 1.276, 1.36, 1.399, 1.39, 1.337, 1.249, 1.14, 1.023, 0.915, 0.829, 0.777, 0.767, 0.805, 0.892, 1.026, 1.2, 1.405, 1.631, 1.865, 2.092, 2.3, 2.476, 2.61, 2.694, 2.723
1680, 1, 0.994, 1.019, 1.037, 0.986, 0.9, 0.831, 0.814, 0.858, 0.948, 1.064, 1.181, 1.278, 1.34, 1.362, 1.341, 1.284, 1.201, 1.102, 1.002, 0.913, 0.847, 0.812, 0.816, 0.862, 0.95, 1.077, 1.237, 1.423, 1.625, 1.831, 2.03, 2.211, 2.364, 2.48, 2.552, 2.577
1688, 1, 0.995, 1.018, 1.029, 0.979, 0.903, 0.85, 0.846, 0.894, 0.98, 1.085, 1.186, 1.266, 1.313, 1.323, 1.297, 1.241, 1.163, 1.076, 0.99, 0.916, 0.864, 0.841, 0.852, 0.9, 0.984, 1.101, 1.246, 1.412, 1.59, 1.77, 1.944, 2.101, 2.233, 2.333, 2.396, 2.417
1696, 1, 0.996, 1.017, 1.023, 0.975, 0.909, 0.867, 0.87, 0.919, 1, 1.095, 1.183, 1.249, 1.286, 1.289, 1.261, 1.207, 1.136, 1.058, 0.983, 0.92, 0.878, 0.863, 0.878, 0.926, 1.004, 1.112, 1.242, 1.39, 1.548, 1.707, 1.859, 1.997, 2.112, 2.199, 2.254, 2.272
1704, 1, 0.996, 1.016, 1.018, 0.973, 0.915, 0.881, 0.888, 0.937, 1.013, 1.098, 1.176, 1.233, 1.262, 1.261, 1.232, 1.18, 1.115, 1.045, 0.979, 0.925, 0.891, 0.88, 0.898, 0.943, 1.017, 1.115, 1.233, 1.366, 1.507, 1.649, 1.784, 1.906, 2.008, 2.085, 2.133, 2.149
1712, 1, 0.997, 1.015, 1.015, 0.973, 0.92, 0.892, 0.903, 0.95, 1.021, 1.099, 1.169, 1.218, 1.242, 1.237, 1.208, 1.16, 1.1, 1.036, 0.977, 0.93, 0.9, 0.894, 0.912, 0.956, 1.024, 1.114, 1.222, 1.343, 1.47, 1.598, 1.719, 1.829, 1.92, 1.989, 2.031, 2.046
1720, 1, 0.997, 1.014, 1.012, 0.972, 0.925, 0.901, 0.914, 0.96, 1.027, 1.098, 1.161, 1.205, 1.224, 1.218, 1.189, 1.144, 1.088, 1.029, 0.976, 0.934, 0.909, 0.904, 0.923, 0.964, 1.028, 1.112, 1.211, 1.321, 1.438, 1.554, 1.664, 1.763, 1.846, 1.908, 1.947, 1.96
1728, 1, 0.997, 1.013, 1.01, 0.972, 0.929, 0.909, 0.923, 0.968, 1.03, 1.097, 1.154, 1.193, 1.209, 1.202, 1.174, 1.131, 1.078, 1.024, 0.975, 0.937, 0.915, 0.912, 0.931, 0.971, 1.031, 1.108, 1.2, 1.302, 1.409, 1.516, 1.617, 1.708, 1.784, 1.841, 1.876, 1.888
1736, 1, 0.997, 1.012, 1.008, 0.973, 0.933, 0.916, 0.931, 0.974, 1.033, 1.095, 1.148, 1.183, 1.197, 1.189, 1.161, 1.12, 1.071, 1.02, 0.975, 0.94, 0.921, 0.919, 0.937, 0.975, 1.032, 1.105, 1.191, 1.285, 1.385, 1.484, 1.577, 1.661, 1.731, 1.783, 1.816, 1.827
1744, 1, 0.998, 1.012, 1.007, 0.973, 0.936, 0.921, 0.937, 0.978, 1.035, 1.093, 1.142, 1.175, 1.186, 1.177, 1.151, 1.111, 1.065, 1.017, 0.975, 0.943, 0.925, 0.925, 0.942, 0.979, 1.032, 1.101, 1.181, 1.27, 1.363, 1.455, 1.542, 1.621, 1.685, 1.734, 1.764, 1.775
1752, 1, 0.998, 1.011, 1.006, 0.973, 0.939, 0.926, 0.942, 0.982, 1.036, 1.091, 1.137, 1.167, 1.177, 1.168, 1.142, 1.104, 1.059, 1.015, 0.975, 0.945, 0.929, 0.929, 0.947, 0.981, 1.032, 1.097, 1.173, 1.257, 1.344, 1.43, 1.512, 1.585, 1.646, 1.692, 1.72, 1.73
1760, 1, 0.998, 1.01, 1.005, 0.974, 0.942, 0.93, 0.946, 0.986, 1.037, 1.089, 1.133, 1.16, 1.169, 1.159, 1.134, 1.098, 1.055, 1.013, 0.975, 0.948, 0.933, 0.933, 0.95, 0.983, 1.032, 1.093, 1.165, 1.244, 1.327, 1.409, 1.486, 1.555, 1.612, 1.655, 1.682, 1.691
1768, 1, 0.998, 1.01, 1.004, 0.974, 0.944, 0.934, 0.95, 0.988, 1.038, 1.088, 1.129, 1.154, 1.162, 1.152, 1.127, 1.092, 1.052, 1.011, 0.976, 0.949, 0.935, 0.936, 0.953, 0.984, 1.031, 1.09, 1.158, 1.234, 1.312, 1.389, 1.462, 1.528, 1.582, 1.623, 1.648, 1.656
1776, 1, 0.998, 1.01, 1.004, 0.975, 0.946, 0.937, 0.954, 0.991, 1.038, 1.086, 1.125, 1.149, 1.156, 1.146, 1.122, 1.088, 1.049, 1.01, 0.976, 0.951, 0.938, 0.939, 0.955, 0.985, 1.03, 1.086, 1.152, 1.224, 1.298, 1.372, 1.442, 1.504, 1.555, 1.594, 1.618, 1.626
1784, 1, 0.998, 1.009, 1.003, 0.975, 0.948, 0.94, 0.956, 0.993, 1.039, 1.085, 1.122, 1.145, 1.151, 1.14, 1.117, 1.084, 1.046, 1.009, 0.976, 0.952, 0.94, 0.941, 0.956, 0.986, 1.029, 1.083, 1.146, 1.214, 1.286, 1.356, 1.423, 1.482, 1.531, 1.568, 1.591, 1.599
1792, 1, 0.999, 1.009, 1.002, 0.975, 0.949, 0.942, 0.959, 0.994, 1.039, 1.083, 1.119, 1.14, 1.146, 1.136, 1.112, 1.08, 1.044, 1.008, 0.976, 0.953, 0.942, 0.943, 0.958, 0.986, 1.028, 1.079, 1.14, 1.206, 1.274, 1.342, 1.406, 1.463, 1.51, 1.545, 1.567, 1.575
1800, 1, 0.999, 1.009, 1.002, 0.975, 0.951, 0.945, 0.961, 0.996, 1.039, 1.082, 1.116, 1.137, 1.142, 1.131, 1.109, 1.077, 1.042, 1.007, 0.976, 0.954, 0.943, 0.944, 0.959, 0.986, 1.026, 1.076, 1.135, 1.198, 1.264, 1.329, 1.39, 1.445, 1.49, 1.524, 1.545, 1.552
1808, 1, 0.999, 1.008, 1.002, 0.976, 0.952, 0.947, 0.963, 0.997, 1.04, 1.081, 1.114, 1.133, 1.138, 1.128, 1.105, 1.075, 1.04, 1.006, 0.977, 0.955, 0.944, 0.945, 0.96, 0.986, 1.025, 1.073, 1.129, 1.191, 1.254, 1.317, 1.376, 1.429, 1.473, 1.505, 1.526, 1.532
1816, 1, 0.999, 1.008, 1.001, 0.976, 0.953, 0.949, 0.965, 0.999, 1.04, 1.08, 1.112, 1.131, 1.135, 1.124, 1.102, 1.072, 1.038, 1.005, 0.977, 0.956, 0.945, 0.946, 0.96, 0.986, 1.023, 1.07, 1.125, 1.184, 1.245, 1.306, 1.363, 1.414, 1.456, 1.488, 1.507, 1.514
1824, 1, 0.999, 1.008, 1.001, 0.976, 0.954, 0.95, 0.967, 1, 1.04, 1.079, 1.11, 1.128, 1.131, 1.121, 1.099, 1.07, 1.037, 1.005, 0.977, 0.956, 0.946, 0.947, 0.96, 0.986, 1.022, 1.067, 1.12, 1.177, 1.237, 1.296, 1.351, 1.4, 1.441, 1.472, 1.49, 1.497
1832, 1, 0.999, 1.008, 1, 0.976, 0.955, 0.952, 0.969, 1.001, 1.04, 1.079, 1.109, 1.126, 1.129, 1.118, 1.097, 1.068, 1.036, 1.004, 0.977, 0.957, 0.947, 0.948, 0.961, 0.985, 1.02, 1.064, 1.115, 1.171, 1.229, 1.286, 1.34, 1.387, 1.427, 1.457, 1.475, 1.481
1840, 1, 0.999, 1.007, 1, 0.976, 0.956, 0.953, 0.97, 1.002, 1.041, 1.078, 1.107, 1.124, 1.127, 1.116, 1.095, 1.066, 1.034, 1.003, 0.977, 0.957, 0.947, 0.948, 0.96, 0.984, 1.018, 1.061, 1.111, 1.165, 1.221, 1.277, 1.329, 1.375, 1.413, 1.442, 1.46, 1.466
1848, 1, 0.999, 1.007, 1, 0.977, 0.957, 0.954, 0.971, 1.003, 1.041, 1.077, 1.106, 1.122, 1.124, 1.114, 1.093, 1.065, 1.033, 1.003, 0.976, 0.957, 0.947, 0.948, 0.96, 0.983, 1.016, 1.058, 1.106, 1.159, 1.214, 1.268, 1.318, 1.363, 1.401, 1.429, 1.446, 1.452
1856, 1, 0.999, 1.007, 0.999, 0.977, 0.958, 0.956, 0.973, 1.004, 1.041, 1.077, 1.105, 1.12, 1.122, 1.112, 1.091, 1.063, 1.032, 1.002, 0.976, 0.957, 0.947, 0.948, 0.96, 0.982, 1.014, 1.055, 1.102, 1.153, 1.207, 1.259, 1.308, 1.352, 1.389, 1.416, 1.433, 1.439
1864, 1, 0.999, 1.007, 0.999, 0.977, 0.959, 0.957, 0.974, 1.005, 1.042, 1.077, 1.104, 1.119, 1.121, 1.11, 1.089, 1.062, 1.031, 1.002, 0.976, 0.957, 0.947, 0.948, 0.959, 0.981, 1.012, 1.052, 1.097, 1.148, 1.2, 1.251, 1.299, 1.342, 1.377, 1.404, 1.421, 1.426
1872, 1, 0.999, 1.007, 0.999, 0.977, 0.959, 0.958, 0.975, 1.006, 1.042, 1.077, 1.103, 1.118, 1.119, 1.108, 1.088, 1.061, 1.03, 1.001, 0.975, 0.957, 0.947, 0.947, 0.958, 0.979, 1.01, 1.048, 1.093, 1.142, 1.193, 1.243, 1.29, 1.332, 1.366, 1.392, 1.408, 1.414
1880, 1, 0.999, 1.007, 0.999, 0.977, 0.96, 0.959, 0.976, 1.006, 1.042, 1.077, 1.102, 1.117, 1.118, 1.107, 1.086, 1.059, 1.029, 1, 0.975, 0.956, 0.946, 0.946, 0.957, 0.977, 1.007, 1.045, 1.088, 1.136, 1.186, 1.235, 1.28, 1.321, 1.355, 1.381, 1.397, 1.402
1888, 1, 0.999, 1.006, 0.998, 0.977, 0.96, 0.96, 0.977, 1.007, 1.043, 1.076, 1.102, 1.115, 1.117, 1.106, 1.085, 1.058, 1.028, 0.999, 0.974, 0.956, 0.946, 0.945, 0.955, 0.975, 1.004, 1.041, 1.084, 1.13, 1.179, 1.226, 1.272, 1.312, 1.345, 1.37, 1.385, 1.39
1896, 1, 0.999, 1.006, 0.998, 0.977, 0.961, 0.961, 0.978, 1.008, 1.044, 1.077, 1.101, 1.115, 1.115, 1.105, 1.084, 1.057, 1.028, 0.999, 0.974, 0.955, 0.945, 0.944, 0.954, 0.973, 1.001, 1.037, 1.079, 1.124, 1.172, 1.218, 1.262, 1.302, 1.334, 1.359, 1.373, 1.379
1904, 1, 0.999, 1.006, 0.998, 0.977, 0.961, 0.962, 0.979, 1.009, 1.044, 1.077, 1.101, 1.114, 1.115, 1.103, 1.083, 1.056, 1.027, 0.998, 0.973, 0.954, 0.944, 0.943, 0.952, 0.97, 0.998, 1.033, 1.074, 1.118, 1.165, 1.21, 1.253, 1.292, 1.324, 1.347, 1.362, 1.367
1912, 1, 0.999, 1.006, 0.998, 0.977, 0.962, 0.963, 0.98, 1.01, 1.045, 1.077, 1.101, 1.113, 1.114, 1.103, 1.082, 1.055, 1.026, 0.997, 0.972, 0.953, 0.942, 0.941, 0.95, 0.968, 0.994, 1.028, 1.068, 1.112, 1.157, 1.202, 1.244, 1.282, 1.313, 1.336, 1.351, 1.356
1920, 1, 0.999, 1.006, 0.997, 0.977, 0.962, 0.963, 0.981, 1.011, 1.046, 1.077, 1.101, 1.113, 1.113, 1.102, 1.081, 1.054, 1.024, 0.996, 0.971, 0.952, 0.941, 0.939, 0.947, 0.964, 0.99, 1.024, 1.062, 1.105, 1.149, 1.193, 1.235, 1.272, 1.302, 1.325, 1.339, 1.344
1928, 1, 1, 1.006, 0.997, 0.977, 0.963, 0.964, 0.982, 1.012, 1.046, 1.078, 1.101, 1.113, 1.113, 1.101, 1.08, 1.053, 1.023, 0.994, 0.969, 0.95, 0.939, 0.937, 0.944, 0.961, 0.986, 1.018, 1.056, 1.098, 1.141, 1.184, 1.225, 1.261, 1.291, 1.313, 1.327, 1.332
1936, 1, 1, 1.006, 0.997, 0.977, 0.963, 0.965, 0.984, 1.013, 1.047, 1.078, 1.101, 1.113, 1.112, 1.1, 1.079, 1.052, 1.022, 0.993, 0.967, 0.948, 0.936, 0.934, 0.941, 0.957, 0.981, 1.012, 1.05, 1.09, 1.133, 1.175, 1.215, 1.25, 1.279, 1.301, 1.315, 1.32
1944, 1, 1, 1.006, 0.997, 0.977, 0.964, 0.966, 0.985, 1.014, 1.048, 1.079, 1.102, 1.113, 1.112, 1.099, 1.078, 1.051, 1.021, 0.991, 0.966, 0.946, 0.934, 0.93, 0.937, 0.952, 0.975, 1.006, 1.042, 1.082, 1.124, 1.165, 1.204, 1.238, 1.267, 1.289, 1.302, 1.307
1952, 1, 1, 1.006, 0.996, 0.977, 0.964, 0.967, 0.986, 1.016, 1.05, 1.08, 1.102, 1.113, 1.112, 1.099, 1.077, 1.05, 1.019, 0.989, 0.963, 0.943, 0.93, 0.927, 0.932, 0.946, 0.969, 0.999, 1.034, 1.073, 1.114, 1.154, 1.192, 1.226, 1.254, 1.276, 1.289, 1.293
1960, 1, 1, 1.006, 0.996, 0.977, 0.964, 0.968, 0.987, 1.017, 1.051, 1.081, 1.103, 1.113, 1.112, 1.099, 1.076, 1.048, 1.017, 0.987, 0.961, 0.94, 0.926, 0.922, 0.927, 0.94, 0.962, 0.991, 1.025, 1.063, 1.103, 1.143, 1.18, 1.213, 1.241, 1.262, 1.274, 1.279
1968, 1, 1, 1.005, 0.996, 0.977, 0.965, 0.969, 0.988, 1.019, 1.052, 1.083, 1.104, 1.114, 1.112, 1.098, 1.075, 1.047, 1.015, 0.985, 0.957, 0.936, 0.922, 0.917, 0.92, 0.933, 0.954, 0.982, 1.015, 1.052, 1.091, 1.13, 1.166, 1.199, 1.226, 1.246, 1.259, 1.263
1976, 1, 1, 1.005, 0.995, 0.976, 0.965, 0.97, 0.99, 1.02, 1.054, 1.084, 1.105, 1.115, 1.112, 1.098, 1.074, 1.045, 1.013, 0.982, 0.954, 0.931, 0.917, 0.91, 0.913, 0.925, 0.945, 0.972, 1.004, 1.04, 1.078, 1.116, 1.151, 1.183, 1.21, 1.23, 1.242, 1.247
1984, 1, 1, 1.005, 0.995, 0.976, 0.965, 0.971, 0.992, 1.022, 1.056, 1.086, 1.107, 1.116, 1.112, 1.097, 1.073, 1.043, 1.01, 0.978, 0.949, 0.926, 0.91, 0.903, 0.905, 0.915, 0.934, 0.96, 0.991, 1.026, 1.063, 1.1, 1.135, 1.166, 1.192, 1.212, 1.224, 1.228
1992, 1, 1, 1.005, 0.994, 0.976, 0.966, 0.972, 0.993, 1.025, 1.059, 1.088, 1.109, 1.117, 1.113, 1.097, 1.072, 1.041, 1.007, 0.974, 0.943, 0.919, 0.902, 0.894, 0.895, 0.904, 0.922, 0.947, 0.977, 1.01, 1.046, 1.082, 1.116, 1.147, 1.172, 1.192, 1.203, 1.207
2000, 1, 1, 1.005, 0.994, 0.976, 0.966, 0.973, 0.996, 1.028, 1.062, 1.091, 1.111, 1.118, 1.113, 1.096, 1.07, 1.038, 1.003, 0.968, 0.937, 0.911, 0.893, 0.883, 0.883, 0.891, 0.907, 0.93, 0.959, 0.992, 1.027, 1.062, 1.095, 1.125, 1.15, 1.169, 1.18, 1.184
2008, 1, 1, 1.005, 0.993, 0.975, 0.967, 0.975, 0.998, 1.031, 1.065, 1.094, 1.114, 1.12, 1.114, 1.096, 1.068, 1.034, 0.998, 0.961, 0.928, 0.901, 0.881, 0.87, 0.868, 0.875, 0.889, 0.911, 0.939, 0.971, 1.004, 1.038, 1.07, 1.099, 1.124, 1.142, 1.153, 1.157
2016, 1, 1, 1.004, 0.993, 0.975, 0.967, 0.977, 1.001, 1.035, 1.069, 1.098, 1.117, 1.123, 1.115, 1.095, 1.066, 1.03, 0.991, 0.953, 0.917, 0.888, 0.867, 0.854, 0.85, 0.855, 0.868, 0.888, 0.914, 0.945, 0.977, 1.01, 1.041, 1.07, 1.093, 1.111, 1.122, 1.126
2024, 1, 1, 1.004, 0.992, 0.975, 0.968, 0.979, 1.005, 1.04, 1.075, 1.103, 1.121, 1.125, 1.116, 1.094, 1.062, 1.024, 0.982, 0.941, 0.904, 0.872, 0.848, 0.833, 0.826, 0.829, 0.841, 0.86, 0.884, 0.913, 0.944, 0.976, 1.007, 1.034, 1.057, 1.075, 1.085, 1.089
2032, 1, 1, 1.004, 0.991, 0.974, 0.969, 0.982, 1.01, 1.046, 1.081, 1.11, 1.127, 1.129, 1.117, 1.092, 1.057, 1.015, 0.97, 0.926, 0.885, 0.85, 0.823, 0.805, 0.797, 0.797, 0.807, 0.824, 0.846, 0.874, 0.904, 0.934, 0.964, 0.991, 1.013, 1.03, 1.041, 1.044
2040, 1, 1, 1.003, 0.99, 0.974, 0.971, 0.986, 1.016, 1.054, 1.091, 1.119, 1.133, 1.133, 1.118, 1.089, 1.049, 1.003, 0.954, 0.905, 0.86, 0.821, 0.79, 0.768, 0.757, 0.755, 0.762, 0.777, 0.798, 0.824, 0.852, 0.882, 0.911, 0.937, 0.959, 0.976, 0.986, 0.99
2048, 1, 1.001, 1.003, 0.988, 0.973, 0.973, 0.992, 1.026, 1.066, 1.103, 1.13, 1.142, 1.138, 1.117, 1.082, 1.036, 0.984, 0.928, 0.873, 0.822, 0.778, 0.743, 0.717, 0.702, 0.697, 0.701, 0.714, 0.734, 0.758, 0.786, 0.815, 0.844, 0.869, 0.891, 0.908, 0.918, 0.921
2056, 1, 1.001, 1.002, 0.986, 0.972, 0.977, 1.001, 1.04, 1.083, 1.12, 1.145, 1.153, 1.142, 1.113, 1.069, 1.014, 0.951, 0.886, 0.823, 0.764, 0.713, 0.672, 0.641, 0.623, 0.615, 0.617, 0.629, 0.648, 0.672, 0.7, 0.73, 0.759, 0.785, 0.808, 0.825, 0.835, 0.839
2064, 1, 1.002, 1, 0.983, 0.973, 0.985, 1.018, 1.064, 1.11, 1.146, 1.165, 1.163, 1.14, 1.096, 1.037, 0.966, 0.889, 0.81, 0.734, 0.665, 0.606, 0.559, 0.525, 0.504, 0.496, 0.499, 0.514, 0.536, 0.565, 0.597, 0.631, 0.665, 0.695, 0.721, 0.74, 0.752, 0.756
2072, 1, 1.002, 0.996, 0.978, 0.977, 1.005, 1.052, 1.106, 1.152, 1.179, 1.18, 1.155, 1.104, 1.032, 0.944, 0.846, 0.746, 0.648, 0.559, 0.482, 0.42, 0.376, 0.349, 0.34, 0.347, 0.37, 0.405, 0.449, 0.5, 0.554, 0.609, 0.662, 0.708, 0.748, 0.777, 0.795, 0.801
2080, 1, 1.002, 0.988, 0.98, 1.006, 1.06, 1.117, 1.159, 1.171, 1.149, 1.091, 1.004, 0.894, 0.771, 0.644, 0.523, 0.416, 0.33, 0.268, 0.236, 0.234, 0.262, 0.321, 0.406, 0.514, 0.642, 0.784, 0.934, 1.089, 1.24, 1.385, 1.516, 1.631, 1.724, 1.793, 1.836, 1.85
2088, 1, 0.999, 0.991, 1.014, 1.051, 1.075, 1.068, 1.027, 0.956, 0.864, 0.762, 0.661, 0.571, 0.5, 0.456, 0.443, 0.466, 0.525, 0.623, 0.759, 0.929, 1.131, 1.362, 1.615, 1.886, 2.169, 2.456, 2.742, 3.02, 3.283, 3.525, 3.741, 3.925, 4.073, 4.181, 4.248, 4.27
2096, 1, 0.998, 1.002, 1.02, 1.027, 1.011, 0.975, 0.927, 0.875, 0.826, 0.786, 0.76, 0.749, 0.755, 0.78, 0.826, 0.891, 0.976, 1.081, 1.205, 1.346, 1.503, 1.672, 1.852, 2.039, 2.229, 2.42, 2.608, 2.788, 2.958, 3.113, 3.251, 3.368, 3.462, 3.53, 3.572, 3.586
2104, 1, 0.998, 1.005, 1.014, 1.008, 0.986, 0.955, 0.923, 0.896, 0.877, 0.868, 0.87, 0.881, 0.902, 0.932, 0.973, 1.024, 1.085, 1.157, 1.24, 1.333, 1.434, 1.544, 1.661, 1.783, 1.908, 2.033, 2.157, 2.276, 2.389, 2.492, 2.584, 2.662, 2.725, 2.771, 2.799, 2.809
2112, 1, 0.999, 1.006, 1.01, 0.999, 0.977, 0.952, 0.93, 0.917, 0.913, 0.917, 0.928, 0.945, 0.967, 0.994, 1.026, 1.064, 1.108, 1.159, 1.217, 1.282, 1.355, 1.434, 1.519, 1.609, 1.702, 1.796, 1.889, 1.981, 2.067, 2.147, 2.218, 2.279, 2.328, 2.363, 2.385, 2.393
2120, 1, 0.999, 1.006, 1.008, 0.995, 0.973, 0.952, 0.938, 0.932, 0.935, 0.946, 0.961, 0.98, 1.001, 1.024, 1.05, 1.079, 1.111, 1.149, 1.192, 1.242, 1.298, 1.36, 1.427, 1.499, 1.574, 1.651, 1.729, 1.804, 1.877, 1.944, 2.004, 2.055, 2.097, 2.128, 2.146, 2.153
2128, 1, 0.999, 1.006, 1.006, 0.992, 0.971, 0.953, 0.943, 0.943, 0.951, 0.964, 0.982, 1.001, 1.021, 1.041, 1.062, 1.085, 1.11, 1.139, 1.173, 1.212, 1.258, 1.308, 1.365, 1.426, 1.49, 1.557, 1.624, 1.69, 1.754, 1.813, 1.867, 1.913, 1.95, 1.977, 1.994, 2
2136, 1, 0.999, 1.006, 1.004, 0.99, 0.97, 0.954, 0.948, 0.95, 0.961, 0.977, 0.996, 1.015, 1.034, 1.051, 1.069, 1.087, 1.107, 1.13, 1.158, 1.19, 1.228, 1.272, 1.32, 1.374, 1.431, 1.49, 1.551, 1.611, 1.669, 1.723, 1.772, 1.814, 1.848, 1.873, 1.889, 1.894
2144, 1, 0.999, 1.006, 1.003, 0.988, 0.969, 0.955, 0.951, 0.956, 0.969, 0.987, 1.006, 1.025, 1.042, 1.058, 1.073, 1.088, 1.105, 1.123, 1.146, 1.173, 1.206, 1.244, 1.288, 1.336, 1.387, 1.442, 1.498, 1.553, 1.607, 1.657, 1.702, 1.742, 1.774, 1.797, 1.812, 1.816
2152, 1, 0.999, 1.006, 1.003, 0.987, 0.969, 0.956, 0.954, 0.961, 0.975, 0.994, 1.013, 1.032, 1.049, 1.064, 1.077, 1.089, 1.102, 1.118, 1.137, 1.161, 1.189, 1.223, 1.263, 1.307, 1.354, 1.405, 1.457, 1.508, 1.559, 1.606, 1.649, 1.686, 1.716, 1.739, 1.752, 1.757
2160, 1, 0.999, 1.005, 1.002, 0.986, 0.969, 0.957, 0.956, 0.964, 0.98, 0.999, 1.019, 1.038, 1.054, 1.067, 1.079, 1.089, 1.1, 1.113, 1.13, 1.151, 1.176, 1.207, 1.243, 1.284, 1.328, 1.376, 1.425, 1.474, 1.521, 1.566, 1.607, 1.642, 1.671, 1.692, 1.706, 1.71
2168, 1, 0.999, 1.005, 1.001, 0.986, 0.968, 0.958, 0.958, 0.967, 0.983, 1.003, 1.024, 1.042, 1.058, 1.07, 1.081, 1.089, 1.099, 1.11, 1.124, 1.143, 1.166, 1.194, 1.227, 1.266, 1.307, 1.352, 1.398, 1.445, 1.491, 1.534, 1.573, 1.607, 1.634, 1.655, 1.667, 1.671
2176, 1, 1, 1.005, 1.001, 0.985, 0.968, 0.959, 0.959, 0.969, 0.986, 1.007, 1.027, 1.046, 1.061, 1.073, 1.082, 1.09, 1.098, 1.107, 1.12, 1.136, 1.157, 1.183, 1.215, 1.25, 1.29, 1.333, 1.377, 1.421, 1.465, 1.506, 1.544, 1.577, 1.603, 1.623, 1.635, 1.639
2184, 1, 1, 1.005, 1.001, 0.985, 0.968, 0.959, 0.96, 0.971, 0.989, 1.01, 1.03, 1.048, 1.063, 1.075, 1.083, 1.09, 1.097, 1.105, 1.116, 1.131, 1.15, 1.175, 1.204, 1.238, 1.276, 1.317, 1.359, 1.402, 1.444, 1.483, 1.519, 1.551, 1.576, 1.595, 1.607, 1.611
2192, 1, 1, 1.005, 1, 0.985, 0.968, 0.96, 0.961, 0.973, 0.991, 1.012, 1.032, 1.051, 1.065, 1.076, 1.084, 1.09, 1.096, 1.103, 1.113, 1.127, 1.145, 1.168, 1.196, 1.228, 1.264, 1.303, 1.343, 1.385, 1.425, 1.463, 1.498, 1.528, 1.553, 1.571, 1.583, 1.586
2200, 1, 1, 1.005, 1, 0.984, 0.968, 0.96, 0.962, 0.974, 0.993, 1.014, 1.034, 1.053, 1.067, 1.077, 1.085, 1.091, 1.096, 1.102, 1.111, 1.123, 1.14, 1.162, 1.188, 1.219, 1.254, 1.291, 1.33, 1.37, 1.409, 1.446, 1.479, 1.509, 1.532, 1.55, 1.561, 1.565
2208, 1, 1, 1.005, 1, 0.984, 0.968, 0.96, 0.963, 0.975, 0.994, 1.015, 1.036, 1.054, 1.069, 1.079, 1.086, 1.091, 1.095, 1.101, 1.109, 1.121, 1.136, 1.157, 1.182, 1.212, 1.245, 1.281, 1.318, 1.357, 1.394, 1.43, 1.462, 1.491, 1.514, 1.531, 1.542, 1.545
2216, 1, 1, 1.005, 1, 0.984, 0.968, 0.961, 0.964, 0.976, 0.995, 1.017, 1.038, 1.056, 1.07, 1.08, 1.087, 1.091, 1.095, 1.1, 1.108, 1.118, 1.133, 1.153, 1.177, 1.205, 1.237, 1.272, 1.308, 1.345, 1.381, 1.416, 1.447, 1.475, 1.497, 1.514, 1.524, 1.527
2224, 1, 1, 1.005, 1, 0.984, 0.968, 0.961, 0.964, 0.977, 0.996, 1.018, 1.039, 1.057, 1.071, 1.081, 1.087, 1.092, 1.095, 1.1, 1.107, 1.117, 1.131, 1.149, 1.172, 1.199, 1.23, 1.264, 1.299, 1.334, 1.369, 1.403, 1.433, 1.46, 1.482, 1.498, 1.507, 1.511
2232, 1, 1, 1.005, 0.999, 0.984, 0.968, 0.961, 0.965, 0.978, 0.997, 1.018, 1.04, 1.058, 1.072, 1.082, 1.088, 1.092, 1.096, 1.1, 1.106, 1.116, 1.129, 1.147, 1.169, 1.195, 1.224, 1.256, 1.29, 1.325, 1.359, 1.391, 1.421, 1.446, 1.467, 1.483, 1.492, 1.495
2240, 1, 1, 1.005, 0.999, 0.984, 0.969, 0.961, 0.965, 0.978, 0.998, 1.019, 1.04, 1.058, 1.073, 1.083, 1.089, 1.093, 1.096, 1.1, 1.106, 1.115, 1.127, 1.144, 1.165, 1.19, 1.219, 1.25, 1.283, 1.316, 1.349, 1.38, 1.408, 1.433, 1.454, 1.469, 1.478, 1.481
2248, 1, 1, 1.005, 0.999, 0.984, 0.969, 0.962, 0.965, 0.979, 0.998, 1.02, 1.041, 1.059, 1.073, 1.083, 1.09, 1.094, 1.097, 1.1, 1.106, 1.114, 1.126, 1.142, 1.163, 1.187, 1.214, 1.244, 1.276, 1.308, 1.339, 1.369, 1.397, 1.421, 1.441, 1.455, 1.464, 1.467
2256, 1, 1, 1.005, 0.999, 0.984, 0.969, 0.962, 0.966, 0.979, 0.998, 1.02, 1.042, 1.06, 1.074, 1.084, 1.09, 1.094, 1.097, 1.101, 1.106, 1.114, 1.125, 1.141, 1.16, 1.183, 1.21, 1.239, 1.269, 1.3, 1.331, 1.36, 1.386, 1.409, 1.428, 1.442, 1.451, 1.454
2264, 1, 1, 1.005, 0.999, 0.983, 0.969, 0.962, 0.966, 0.979, 0.999, 1.021, 1.042, 1.06, 1.075, 1.085, 1.091, 1.095, 1.098, 1.101, 1.106, 1.114, 1.125, 1.14, 1.158, 1.181, 1.206, 1.234, 1.263, 1.293, 1.322, 1.35, 1.376, 1.398, 1.416, 1.43, 1.438, 1.441
2272, 1, 1, 1.005, 0.999, 0.983, 0.969, 0.962, 0.966, 0.979, 0.999, 1.021, 1.042, 1.061, 1.075, 1.085, 1.092, 1.096, 1.099, 1.102, 1.107, 1.114, 1.125, 1.139, 1.157, 1.178, 1.203, 1.229, 1.257, 1.286, 1.314, 1.341, 1.366, 1.387, 1.405, 1.417, 1.425, 1.428
2280, 1, 1, 1.005, 0.999, 0.983, 0.969, 0.962, 0.966, 0.979, 0.999, 1.021, 1.042, 1.061, 1.075, 1.086, 1.093, 1.097, 1.1, 1.103, 1.108, 1.115, 1.125, 1.138, 1.155, 1.176, 1.2, 1.225, 1.252, 1.28, 1.307, 1.333, 1.356, 1.377, 1.393, 1.406, 1.413, 1.416
2288, 1, 1, 1.005, 0.999, 0.983, 0.969, 0.962, 0.966, 0.98, 0.999, 1.021, 1.042, 1.061, 1.076, 1.087, 1.093, 1.098, 1.101, 1.104, 1.109, 1.115, 1.125, 1.138, 1.155, 1.174, 1.197, 1.221, 1.247, 1.273, 1.299, 1.324, 1.347, 1.366, 1.382, 1.394, 1.401, 1.404
2296, 1, 1, 1.005, 0.999, 0.983, 0.969, 0.962, 0.966, 0.979, 0.999, 1.021, 1.042, 1.061, 1.076, 1.087, 1.094, 1.099, 1.102, 1.105, 1.11, 1.116, 1.125, 1.138, 1.154, 1.172, 1.194, 1.218, 1.242, 1.267, 1.292, 1.316, 1.337, 1.356, 1.371, 1.382, 1.389, 1.392
2304, 1, 1, 1.005, 0.999, 0.983, 0.969, 0.962, 0.966, 0.979, 0.999, 1.021, 1.042, 1.062, 1.077, 1.088, 1.095, 1.1, 1.103, 1.107, 1.111, 1.117, 1.126, 1.138, 1.153, 1.171, 1.192, 1.214, 1.238, 1.262, 1.285, 1.308, 1.328, 1.346, 1.36, 1.371, 1.377, 1.38
2312, 1, 1, 1.005, 0.999, 0.984, 0.969, 0.962, 0.966, 0.979, 0.999, 1.021, 1.042, 1.062, 1.077, 1.088, 1.096, 1.101, 1.105, 1.108, 1.112, 1.118, 1.127, 1.138, 1.153, 1.17, 1.189, 1.211, 1.233, 1.256, 1.278, 1.299, 1.319, 1.336, 1.349, 1.359, 1.365, 1.368
2320, 1, 1, 1.005, 0.999, 0.984, 0.969, 0.962, 0.966, 0.979, 0.998, 1.02, 1.042, 1.062, 1.077, 1.089, 1.097, 1.102, 1.106, 1.109, 1.114, 1.12, 1.128, 1.139, 1.153, 1.169, 1.187, 1.208, 1.229, 1.25, 1.271, 1.291, 1.31, 1.325, 1.338, 1.348, 1.354, 1.356
2328, 1, 1, 1.005, 0.999, 0.984, 0.969, 0.962, 0.966, 0.979, 0.998, 1.02, 1.042, 1.062, 1.077, 1.089, 1.098, 1.103, 1.107, 1.111, 1.115, 1.121, 1.129, 1.139, 1.153, 1.168, 1.185, 1.204, 1.224, 1.245, 1.264, 1.283, 1.3, 1.315, 1.327, 1.336, 1.342, 1.344
2336, 1, 1, 1.005, 0.999, 0.984, 0.969, 0.962, 0.966, 0.978, 0.997, 1.02, 1.042, 1.062, 1.078, 1.09, 1.099, 1.105, 1.109, 1.113, 1.117, 1.123, 1.13, 1.14, 1.153, 1.167, 1.184, 1.202, 1.22, 1.239, 1.258, 1.275, 1.291, 1.305, 1.316, 1.325, 1.33, 1.331
2344, 1, 1, 1.005, 0.999, 0.984, 0.969, 0.962, 0.965, 0.978, 0.997, 1.019, 1.041, 1.061, 1.078, 1.091, 1.1, 1.106, 1.111, 1.115, 1.119, 1.125, 1.132, 1.141, 1.153, 1.167, 1.182, 1.199, 1.216, 1.234, 1.251, 1.267, 1.282, 1.295, 1.305, 1.313, 1.317, 1.319
2352, 1, 1, 1.005, 0.999, 0.984, 0.969, 0.962, 0.965, 0.978, 0.996, 1.018, 1.041, 1.061, 1.078, 1.091, 1.101, 1.108, 1.113, 1.117, 1.121, 1.127, 1.134, 1.143, 1.153, 1.166, 1.18, 1.196, 1.212, 1.228, 1.244, 1.259, 1.272, 1.284, 1.294, 1.301, 1.305, 1.306
2360, 1, 1, 1.005, 0.999, 0.984, 0.969, 0.962, 0.965, 0.977, 0.996, 1.018, 1.04, 1.061, 1.078, 1.092, 1.102, 1.109, 1.115, 1.119, 1.123, 1.129, 1.135, 1.144, 1.154, 1.166, 1.179, 1.193, 1.208, 1.223, 1.237, 1.251, 1.263, 1.274, 1.282, 1.288, 1.292, 1.293
2368, 1, 1, 1.005, 0.999, 0.984, 0.969, 0.962, 0.964, 0.976, 0.995, 1.017, 1.04, 1.061, 1.079, 1.093, 1.103, 1.111, 1.117, 1.121, 1.126, 1.131, 1.137, 1.145, 1.155, 1.166, 1.178, 1.191, 1.204, 1.217, 1.23, 1.242, 1.253, 1.263, 1.27, 1.276, 1.279, 1.28
2376, 1, 1, 1.005, 0.999, 0.984, 0.969, 0.962, 0.964, 0.976, 0.994, 1.016, 1.039, 1.061, 1.079, 1.093, 1.104, 1.113, 1.119, 1.123, 1.128, 1.133, 1.139, 1.147, 1.155, 1.165, 1.176, 1.188, 1.2, 1.212, 1.223, 1.234, 1.244, 1.252, 1.258, 1.263, 1.266, 1.267
2384, 1, 1, 1.005, 0.999, 0.984, 0.969, 0.962, 0.964, 0.975, 0.994, 1.016, 1.039, 1.06, 1.079, 1.094, 1.106, 1.114, 1.121, 1.126, 1.131, 1.136, 1.142, 1.149, 1.156, 1.165, 1.175, 1.185, 1.196, 1.206, 1.216, 1.225, 1.233, 1.24, 1.246, 1.25, 1.253, 1.254
2392, 1, 1, 1.005, 0.999, 0.984, 0.969, 0.961, 0.963, 0.974, 0.993, 1.015, 1.038, 1.06, 1.079, 1.095, 1.107, 1.116, 1.123, 1.129, 1.134, 1.139, 1.144, 1.15, 1.157, 1.165, 1.174, 1.183, 1.192, 1.2, 1.209, 1.216, 1.223, 1.229, 1.234, 1.237, 1.239, 1.24
2400, 1, 1, 1.005, 0.999, 0.985, 0.969, 0.961, 0.963, 0.974, 0.992, 1.014, 1.037, 1.06, 1.079, 1.095, 1.108, 1.118, 1.125, 1.131, 1.137, 1.141, 1.147, 1.152, 1.159, 1.165, 1.173, 1.18, 1.188, 1.195, 1.201, 1.207, 1.213, 1.217, 1.221, 1.223, 1.225, 1.225
2408, 1, 1, 1.005, 1, 0.985, 0.969, 0.961, 0.962, 0.973, 0.991, 1.013, 1.037, 1.059, 1.079, 1.096, 1.11, 1.12, 1.128, 1.134, 1.139, 1.144, 1.149, 1.155, 1.16, 1.166, 1.172, 1.177, 1.183, 1.189, 1.194, 1.198, 1.202, 1.205, 1.207, 1.209, 1.21, 1.21
2416, 1, 1, 1.005, 1, 0.985, 0.969, 0.961, 0.961, 0.972, 0.99, 1.012, 1.036, 1.059, 1.079, 1.097, 1.111, 1.122, 1.131, 1.137, 1.143, 1.147, 1.152, 1.157, 1.161, 1.166, 1.171, 1.175, 1.179, 1.183, 1.186, 1.189, 1.191, 1.192, 1.194, 1.195, 1.195, 1.195
2424, 1, 1, 1.005, 1, 0.985, 0.969, 0.96, 0.961, 0.971, 0.989, 1.011, 1.035, 1.058, 1.08, 1.098, 1.113, 1.124, 1.133, 1.14, 1.146, 1.151, 1.155, 1.159, 1.163, 1.166, 1.169, 1.172, 1.175, 1.176, 1.178, 1.179, 1.179, 1.18, 1.18, 1.18, 1.18, 1.18
2432, 1, 1, 1.005, 1, 0.985, 0.969, 0.96, 0.96, 0.97, 0.987, 1.01, 1.034, 1.058, 1.08, 1.099, 1.114, 1.127, 1.136, 1.144, 1.149, 1.154, 1.158, 1.162, 1.164, 1.167, 1.168, 1.17, 1.17, 1.17, 1.17, 1.169, 1.168, 1.167, 1.165, 1.165, 1.164, 1.164
2440, 1, 1, 1.005, 1, 0.985, 0.969, 0.959, 0.959, 0.969, 0.986, 1.008, 1.033, 1.058, 1.08, 1.1, 1.116, 1.129, 1.139, 1.147, 1.153, 1.158, 1.161, 1.164, 1.166, 1.167, 1.167, 1.167, 1.166, 1.164, 1.161, 1.159, 1.156, 1.153, 1.151, 1.149, 1.148, 1.147
2448, 1, 1, 1.005, 1, 0.986, 0.969, 0.959, 0.958, 0.968, 0.985, 1.007, 1.032, 1.057, 1.08, 1.101, 1.118, 1.131, 1.142, 1.151, 1.157, 1.162, 1.165, 1.167, 1.168, 1.168, 1.166, 1.164, 1.161, 1.157, 1.153, 1.148, 1.143, 1.139, 1.135, 1.133, 1.131, 1.13
2456, 1, 1, 1.005, 1, 0.986, 0.969, 0.959, 0.957, 0.966, 0.983, 1.006, 1.031, 1.057, 1.08, 1.102, 1.119, 1.134, 1.146, 1.155, 1.161, 1.166, 1.169, 1.17, 1.17, 1.168, 1.165, 1.161, 1.156, 1.15, 1.144, 1.137, 1.131, 1.125, 1.12, 1.116, 1.114, 1.113
2464, 1, 1, 1.005, 1.001, 0.986, 0.969, 0.958, 0.956, 0.965, 0.982, 1.004, 1.03, 1.056, 1.081, 1.103, 1.121, 1.137, 1.149, 1.158, 1.165, 1.17, 1.172, 1.173, 1.172, 1.169, 1.164, 1.158, 1.151, 1.143, 1.135, 1.126, 1.118, 1.11, 1.104, 1.099, 1.096, 1.095
2472, 1, 1, 1.005, 1.001, 0.986, 0.969, 0.958, 0.955, 0.964, 0.98, 1.003, 1.029, 1.056, 1.081, 1.104, 1.123, 1.14, 1.153, 1.163, 1.17, 1.174, 1.176, 1.176, 1.174, 1.169, 1.163, 1.155, 1.146, 1.136, 1.125, 1.114, 1.104, 1.095, 1.087, 1.081, 1.077, 1.076
2480, 1, 1, 1.005, 1.001, 0.986, 0.969, 0.957, 0.954, 0.962, 0.979, 1.002, 1.028, 1.055, 1.081, 1.105, 1.126, 1.143, 1.156, 1.167, 1.174, 1.179, 1.18, 1.179, 1.176, 1.17, 1.162, 1.152, 1.141, 1.129, 1.115, 1.102, 1.09, 1.079, 1.07, 1.063, 1.058, 1.057
2488, 1, 1, 1.005, 1.001, 0.987, 0.969, 0.956, 0.953, 0.961, 0.977, 1, 1.027, 1.054, 1.081, 1.106, 1.128, 1.146, 1.16, 1.171, 1.179, 1.183, 1.184, 1.183, 1.178, 1.171, 1.161, 1.149, 1.136, 1.121, 1.105, 1.09, 1.076, 1.063, 1.052, 1.044, 1.039, 1.037
2496, 1, 1, 1.005, 1.002, 0.987, 0.969, 0.956, 0.952, 0.959, 0.975, 0.998, 1.025, 1.054, 1.082, 1.108, 1.13, 1.149, 1.165, 1.176, 1.184, 1.188, 1.189, 1.186, 1.18, 1.172, 1.16, 1.146, 1.13, 1.113, 1.095, 1.077, 1.061, 1.046, 1.034, 1.024, 1.019, 1.017
2504, 1, 1, 1.005, 1.002, 0.987, 0.969, 0.955, 0.951, 0.957, 0.973, 0.997, 1.024, 1.053, 1.082, 1.109, 1.133, 1.153, 1.169, 1.181, 1.189, 1.193, 1.193, 1.19, 1.183, 1.172, 1.159, 1.143, 1.124, 1.105, 1.084, 1.064, 1.046, 1.029, 1.015, 1.004, 0.998, 0.996
2512, 1, 1, 1.006, 1.002, 0.987, 0.968, 0.954, 0.949, 0.955, 0.971, 0.995, 1.023, 1.053, 1.083, 1.111, 1.135, 1.156, 1.173, 1.186, 1.194, 1.198, 1.198, 1.194, 1.185, 1.173, 1.158, 1.139, 1.118, 1.096, 1.073, 1.051, 1.03, 1.011, 0.996, 0.984, 0.977, 0.974
2520, 1, 1, 1.006, 1.003, 0.987, 0.968, 0.953, 0.948, 0.953, 0.969, 0.993, 1.022, 1.052, 1.083, 1.112, 1.138, 1.16, 1.178, 1.191, 1.2, 1.204, 1.203, 1.198, 1.188, 1.174, 1.157, 1.136, 1.112, 1.087, 1.062, 1.037, 1.014, 0.993, 0.976, 0.963, 0.955, 0.952
2528, 1, 1, 1.006, 1.003, 0.988, 0.968, 0.952, 0.946, 0.951, 0.967, 0.991, 1.02, 1.052, 1.084, 1.114, 1.141, 1.164, 1.183, 1.197, 1.206, 1.21, 1.208, 1.202, 1.191, 1.175, 1.155, 1.132, 1.106, 1.078, 1.05, 1.023, 0.997, 0.974, 0.955, 0.941, 0.932, 0.929
2536, 1, 1, 1.006, 1.003, 0.988, 0.968, 0.951, 0.945, 0.949, 0.965, 0.989, 1.019, 1.051, 1.085, 1.116, 1.144, 1.169, 1.188, 1.203, 1.212, 1.216, 1.214, 1.206, 1.194, 1.176, 1.154, 1.128, 1.099, 1.069, 1.038, 1.008, 0.98, 0.955, 0.934, 0.918, 0.909, 0.905
2544, 1, 1, 1.006, 1.004, 0.988, 0.967, 0.95, 0.943, 0.947, 0.962, 0.987, 1.017, 1.051, 1.085, 1.118, 1.148, 1.173, 1.194, 1.209, 1.218, 1.222, 1.219, 1.211, 1.196, 1.177, 1.153, 1.124, 1.093, 1.06, 1.026, 0.993, 0.962, 0.935, 0.912, 0.895, 0.885, 0.881
2552, 1, 1, 1.006, 1.004, 0.988, 0.967, 0.949, 0.941, 0.945, 0.96, 0.985, 1.016, 1.051, 1.086, 1.12, 1.151, 1.178, 1.199, 1.215, 1.225, 1.228, 1.225, 1.215, 1.2, 1.178, 1.151, 1.12, 1.086, 1.05, 1.013, 0.977, 0.944, 0.914, 0.89, 0.872, 0.86, 0.857
2560, 1, 1, 1.006, 1.004, 0.988, 0.966, 0.948, 0.939, 0.942, 0.958, 0.983, 1.014, 1.05, 1.087, 1.122, 1.155, 1.183, 1.205, 1.222, 1.232, 1.235, 1.231, 1.22, 1.203, 1.179, 1.15, 1.116, 1.079, 1.04, 1, 0.961, 0.925, 0.893, 0.867, 0.847, 0.835, 0.831
2568, 1, 0.999, 1.007, 1.005, 0.989, 0.966, 0.947, 0.937, 0.94, 0.955, 0.98, 1.013, 1.05, 1.088, 1.125, 1.159, 1.188, 1.211, 1.228, 1.239, 1.241, 1.237, 1.225, 1.206, 1.18, 1.148, 1.112, 1.071, 1.029, 0.986, 0.945, 0.906, 0.872, 0.843, 0.822, 0.809, 0.805
2576, 1, 0.999, 1.007, 1.005, 0.989, 0.965, 0.945, 0.935, 0.937, 0.952, 0.978, 1.012, 1.05, 1.089, 1.128, 1.163, 1.193, 1.218, 1.236, 1.246, 1.248, 1.243, 1.23, 1.209, 1.181, 1.147, 1.107, 1.064, 1.018, 0.972, 0.928, 0.886, 0.85, 0.819, 0.797, 0.783, 0.778
2584, 1, 0.999, 1.007, 1.006, 0.989, 0.965, 0.944, 0.932, 0.934, 0.949, 0.976, 1.01, 1.05, 1.091, 1.131, 1.167, 1.199, 1.225, 1.243, 1.254, 1.256, 1.25, 1.235, 1.212, 1.182, 1.145, 1.103, 1.056, 1.007, 0.958, 0.91, 0.866, 0.827, 0.795, 0.771, 0.756, 0.751
2592, 1, 0.999, 1.007, 1.006, 0.989, 0.964, 0.942, 0.93, 0.931, 0.947, 0.973, 1.009, 1.049, 1.092, 1.134, 1.172, 1.205, 1.232, 1.251, 1.262, 1.264, 1.256, 1.24, 1.216, 1.183, 1.143, 1.098, 1.048, 0.996, 0.944, 0.893, 0.846, 0.804, 0.77, 0.744, 0.728, 0.723
2600, 1, 0.999, 1.008, 1.006, 0.989, 0.964, 0.941, 0.928, 0.928, 0.944, 0.971, 1.007, 1.05, 1.094, 1.137, 1.177, 1.211, 1.239, 1.259, 1.27, 1.271, 1.263, 1.246, 1.219, 1.184, 1.141, 1.093, 1.04, 0.984, 0.928, 0.875, 0.824, 0.78, 0.744, 0.717, 0.7, 0.695
2608, 1, 0.999, 1.008, 1.007, 0.989, 0.963, 0.939, 0.925, 0.925, 0.941, 0.969, 1.006, 1.05, 1.095, 1.14, 1.182, 1.218, 1.247, 1.267, 1.278, 1.279, 1.27, 1.251, 1.223, 1.185, 1.139, 1.088, 1.031, 0.972, 0.913, 0.856, 0.803, 0.756, 0.718, 0.689, 0.672, 0.666
2616, 1, 0.999, 1.008, 1.007, 0.989, 0.962, 0.937, 0.922, 0.922, 0.938, 0.966, 1.005, 1.05, 1.097, 1.144, 1.188, 1.225, 1.255, 1.276, 1.287, 1.288, 1.278, 1.257, 1.226, 1.186, 1.137, 1.082, 1.023, 0.96, 0.898, 0.837, 0.781, 0.732, 0.692, 0.661, 0.643, 0.637
2624, 1, 0.999, 1.008, 1.008, 0.989, 0.961, 0.935, 0.919, 0.919, 0.934, 0.964, 1.004, 1.05, 1.1, 1.148, 1.193, 1.232, 1.263, 1.285, 1.296, 1.296, 1.285, 1.263, 1.23, 1.187, 1.135, 1.077, 1.014, 0.948, 0.882, 0.818, 0.759, 0.707, 0.665, 0.633, 0.614, 0.607
2632, 1, 0.999, 1.009, 1.008, 0.989, 0.96, 0.933, 0.916, 0.915, 0.931, 0.961, 1.002, 1.051, 1.102, 1.153, 1.2, 1.24, 1.272, 1.294, 1.306, 1.305, 1.293, 1.269, 1.234, 1.188, 1.133, 1.071, 1.005, 0.935, 0.866, 0.799, 0.737, 0.682, 0.638, 0.605, 0.584, 0.577
2640, 1, 0.999, 1.009, 1.009, 0.989, 0.959, 0.93, 0.913, 0.912, 0.928, 0.959, 1.002, 1.052, 1.105, 1.157, 1.206, 1.248, 1.281, 1.304, 1.315, 1.314, 1.301, 1.275, 1.237, 1.189, 1.131, 1.066, 0.995, 0.922, 0.849, 0.779, 0.714, 0.657, 0.611, 0.576, 0.555, 0.547
2648, 1, 0.999, 1.009, 1.009, 0.989, 0.958, 0.928, 0.91, 0.908, 0.924, 0.957, 1.001, 1.053, 1.108, 1.163, 1.213, 1.256, 1.291, 1.314, 1.325, 1.324, 1.309, 1.281, 1.241, 1.19, 1.129, 1.06, 0.986, 0.909, 0.833, 0.759, 0.692, 0.632, 0.584, 0.547, 0.525, 0.517
2656, 1, 0.999, 1.01, 1.01, 0.989, 0.956, 0.925, 0.906, 0.904, 0.921, 0.954, 1, 1.054, 1.111, 1.168, 1.22, 1.265, 1.301, 1.325, 1.336, 1.333, 1.317, 1.287, 1.245, 1.191, 1.126, 1.054, 0.977, 0.896, 0.816, 0.74, 0.669, 0.607, 0.556, 0.519, 0.495, 0.488
2664, 1, 0.999, 1.01, 1.01, 0.989, 0.955, 0.923, 0.903, 0.901, 0.918, 0.952, 0.999, 1.055, 1.115, 1.174, 1.228, 1.275, 1.311, 1.335, 1.346, 1.343, 1.325, 1.294, 1.248, 1.191, 1.124, 1.048, 0.967, 0.883, 0.8, 0.72, 0.646, 0.582, 0.529, 0.49, 0.466, 0.458
2672, 1, 0.999, 1.011, 1.011, 0.989, 0.953, 0.92, 0.899, 0.897, 0.914, 0.95, 0.999, 1.057, 1.119, 1.18, 1.236, 1.284, 1.322, 1.346, 1.357, 1.353, 1.334, 1.3, 1.252, 1.192, 1.121, 1.042, 0.957, 0.87, 0.783, 0.7, 0.624, 0.557, 0.503, 0.462, 0.438, 0.429
2680, 1, 0.999, 1.011, 1.011, 0.988, 0.952, 0.917, 0.895, 0.893, 0.911, 0.948, 0.999, 1.059, 1.123, 1.187, 1.245, 1.294, 1.333, 1.358, 1.368, 1.363, 1.342, 1.306, 1.256, 1.192, 1.118, 1.036, 0.947, 0.857, 0.767, 0.681, 0.602, 0.533, 0.477, 0.435, 0.409, 0.401
2688, 1, 0.999, 1.012, 1.012, 0.988, 0.95, 0.914, 0.891, 0.888, 0.907, 0.946, 0.999, 1.061, 1.128, 1.194, 1.254, 1.305, 1.344, 1.37, 1.38, 1.373, 1.351, 1.313, 1.26, 1.193, 1.115, 1.029, 0.938, 0.844, 0.75, 0.661, 0.58, 0.509, 0.451, 0.408, 0.382, 0.373
2696, 1, 0.999, 1.012, 1.012, 0.987, 0.948, 0.91, 0.887, 0.884, 0.904, 0.944, 0.999, 1.064, 1.133, 1.201, 1.263, 1.316, 1.356, 1.382, 1.391, 1.384, 1.36, 1.319, 1.263, 1.194, 1.113, 1.023, 0.928, 0.831, 0.734, 0.643, 0.559, 0.486, 0.427, 0.383, 0.355, 0.346
2704, 1, 0.999, 1.012, 1.013, 0.987, 0.946, 0.907, 0.883, 0.88, 0.901, 0.942, 1, 1.067, 1.139, 1.209, 1.273, 1.327, 1.368, 1.394, 1.403, 1.394, 1.368, 1.325, 1.266, 1.194, 1.11, 1.017, 0.918, 0.818, 0.719, 0.625, 0.539, 0.464, 0.403, 0.358, 0.33, 0.321
2712, 1, 0.999, 1.013, 1.013, 0.986, 0.944, 0.903, 0.878, 0.876, 0.898, 0.941, 1, 1.071, 1.145, 1.218, 1.284, 1.339, 1.381, 1.406, 1.415, 1.405, 1.377, 1.331, 1.27, 1.194, 1.107, 1.01, 0.909, 0.806, 0.704, 0.607, 0.519, 0.443, 0.381, 0.335, 0.307, 0.297
2720, 1, 0.999, 1.014, 1.014, 0.985, 0.941, 0.899, 0.874, 0.872, 0.894, 0.94, 1.002, 1.075, 1.152, 1.227, 1.295, 1.351, 1.394, 1.419, 1.427, 1.415, 1.385, 1.337, 1.273, 1.194, 1.103, 1.004, 0.9, 0.794, 0.69, 0.591, 0.501, 0.424, 0.36, 0.314, 0.285, 0.275
2728, 1, 0.999, 1.014, 1.014, 0.984, 0.939, 0.895, 0.869, 0.867, 0.891, 0.939, 1.003, 1.079, 1.159, 1.236, 1.306, 1.364, 1.407, 1.432, 1.439, 1.426, 1.394, 1.343, 1.276, 1.194, 1.1, 0.998, 0.891, 0.782, 0.676, 0.576, 0.484, 0.406, 0.342, 0.294, 0.265, 0.256
2736, 1, 0.999, 1.015, 1.014, 0.983, 0.936, 0.891, 0.865, 0.863, 0.889, 0.938, 1.006, 1.084, 1.166, 1.246, 1.318, 1.377, 1.42, 1.445, 1.451, 1.436, 1.402, 1.349, 1.278, 1.194, 1.097, 0.992, 0.883, 0.772, 0.664, 0.562, 0.469, 0.39, 0.325, 0.277, 0.248, 0.238
2744, 1, 0.999, 1.015, 1.014, 0.982, 0.933, 0.887, 0.86, 0.859, 0.886, 0.938, 1.008, 1.089, 1.175, 1.257, 1.33, 1.39, 1.434, 1.458, 1.463, 1.446, 1.41, 1.354, 1.281, 1.193, 1.094, 0.987, 0.875, 0.762, 0.652, 0.549, 0.456, 0.376, 0.311, 0.263, 0.234, 0.224
2752, 1, 0.999, 1.016, 1.015, 0.981, 0.93, 0.883, 0.855, 0.855, 0.884, 0.938, 1.011, 1.095, 1.183, 1.268, 1.343, 1.404, 1.448, 1.472, 1.475, 1.456, 1.417, 1.359, 1.283, 1.193, 1.091, 0.981, 0.867, 0.753, 0.642, 0.538, 0.445, 0.364, 0.3, 0.252, 0.223, 0.213
2760, 1, 0.999, 1.016, 1.015, 0.979, 0.927, 0.878, 0.85, 0.851, 0.882, 0.939, 1.014, 1.102, 1.192, 1.279, 1.356, 1.418, 1.462, 1.485, 1.486, 1.466, 1.425, 1.363, 1.285, 1.192, 1.088, 0.976, 0.86, 0.745, 0.633, 0.529, 0.436, 0.356, 0.291, 0.244, 0.215, 0.205
2768, 1, 0.999, 1.017, 1.015, 0.978, 0.923, 0.874, 0.846, 0.847, 0.88, 0.94, 1.019, 1.109, 1.202, 1.291, 1.369, 1.432, 1.476, 1.498, 1.498, 1.475, 1.431, 1.368, 1.287, 1.191, 1.085, 0.971, 0.854, 0.738, 0.626, 0.523, 0.43, 0.35, 0.286, 0.24, 0.211, 0.202
2776, 1, 0.999, 1.018, 1.015, 0.976, 0.92, 0.869, 0.841, 0.844, 0.879, 0.941, 1.023, 1.117, 1.213, 1.304, 1.383, 1.446, 1.49, 1.511, 1.509, 1.484, 1.438, 1.371, 1.288, 1.19, 1.082, 0.967, 0.849, 0.733, 0.621, 0.518, 0.426, 0.348, 0.285, 0.239, 0.211, 0.202
2784, 1, 0.999, 1.018, 1.015, 0.974, 0.916, 0.864, 0.836, 0.841, 0.878, 0.943, 1.028, 1.125, 1.224, 1.317, 1.397, 1.461, 1.503, 1.523, 1.52, 1.492, 1.444, 1.375, 1.288, 1.189, 1.079, 0.963, 0.845, 0.729, 0.618, 0.516, 0.426, 0.349, 0.288, 0.243, 0.216, 0.207
2792, 1, 0.999, 1.019, 1.014, 0.972, 0.912, 0.86, 0.832, 0.838, 0.877, 0.945, 1.034, 1.134, 1.235, 1.33, 1.412, 1.475, 1.517, 1.536, 1.53, 1.5, 1.449, 1.377, 1.289, 1.187, 1.076, 0.96, 0.842, 0.727, 0.617, 0.517, 0.429, 0.354, 0.295, 0.252, 0.226, 0.217
2800, 1, 0.999, 1.02, 1.014, 0.97, 0.908, 0.855, 0.827, 0.835, 0.877, 0.948, 1.04, 1.143, 1.247, 1.344, 1.426, 1.49, 1.531, 1.547, 1.539, 1.507, 1.453, 1.379, 1.289, 1.185, 1.073, 0.957, 0.84, 0.726, 0.619, 0.521, 0.435, 0.363, 0.306, 0.265, 0.241, 0.232
2808, 1, 1, 1.02, 1.014, 0.968, 0.904, 0.85, 0.823, 0.832, 0.877, 0.952, 1.047, 1.153, 1.26, 1.358, 1.441, 1.504, 1.544, 1.559, 1.548, 1.514, 1.457, 1.381, 1.288, 1.183, 1.071, 0.955, 0.839, 0.727, 0.622, 0.528, 0.446, 0.377, 0.323, 0.284, 0.261, 0.253
2816, 1, 1, 1.021, 1.013, 0.966, 0.9, 0.845, 0.819, 0.83, 0.878, 0.956, 1.055, 1.164, 1.272, 1.372, 1.456, 1.518, 1.557, 1.569, 1.557, 1.519, 1.46, 1.381, 1.287, 1.181, 1.069, 0.953, 0.839, 0.73, 0.629, 0.538, 0.46, 0.395, 0.344, 0.308, 0.286, 0.279
2824, 1, 1, 1.021, 1.013, 0.963, 0.896, 0.841, 0.815, 0.829, 0.879, 0.961, 1.063, 1.175, 1.285, 1.386, 1.47, 1.532, 1.569, 1.579, 1.564, 1.524, 1.462, 1.381, 1.285, 1.179, 1.067, 0.953, 0.841, 0.735, 0.638, 0.551, 0.478, 0.417, 0.37, 0.337, 0.317, 0.311
2832, 1, 1, 1.022, 1.012, 0.96, 0.892, 0.836, 0.812, 0.828, 0.881, 0.966, 1.072, 1.186, 1.299, 1.401, 1.485, 1.546, 1.581, 1.589, 1.571, 1.528, 1.463, 1.38, 1.283, 1.176, 1.065, 0.953, 0.844, 0.742, 0.649, 0.568, 0.5, 0.444, 0.402, 0.372, 0.354, 0.348
2840, 1, 1, 1.022, 1.011, 0.958, 0.888, 0.832, 0.809, 0.827, 0.884, 0.972, 1.081, 1.198, 1.313, 1.415, 1.499, 1.558, 1.592, 1.597, 1.576, 1.53, 1.463, 1.378, 1.28, 1.174, 1.063, 0.954, 0.848, 0.751, 0.664, 0.589, 0.526, 0.476, 0.439, 0.412, 0.397, 0.392
2848, 1, 1, 1.022, 1.01, 0.955, 0.883, 0.827, 0.806, 0.826, 0.887, 0.979, 1.091, 1.21, 1.327, 1.43, 1.513, 1.571, 1.602, 1.605, 1.581, 1.532, 1.463, 1.376, 1.277, 1.171, 1.062, 0.955, 0.854, 0.762, 0.681, 0.612, 0.556, 0.513, 0.48, 0.458, 0.446, 0.442
2856, 1, 1, 1.023, 1.01, 0.952, 0.879, 0.823, 0.803, 0.827, 0.89, 0.986, 1.101, 1.223, 1.341, 1.444, 1.526, 1.583, 1.611, 1.611, 1.584, 1.533, 1.461, 1.373, 1.274, 1.168, 1.061, 0.958, 0.862, 0.775, 0.701, 0.639, 0.591, 0.554, 0.527, 0.51, 0.5, 0.497
2864, 1, 1.001, 1.023, 1.008, 0.949, 0.875, 0.819, 0.801, 0.827, 0.894, 0.994, 1.112, 1.236, 1.355, 1.458, 1.539, 1.594, 1.62, 1.617, 1.587, 1.533, 1.458, 1.369, 1.269, 1.165, 1.061, 0.961, 0.87, 0.79, 0.724, 0.67, 0.629, 0.599, 0.579, 0.566, 0.559, 0.557
2872, 1, 1.001, 1.024, 1.007, 0.946, 0.871, 0.816, 0.799, 0.828, 0.899, 1.002, 1.123, 1.249, 1.369, 1.472, 1.552, 1.605, 1.628, 1.622, 1.588, 1.531, 1.455, 1.364, 1.265, 1.162, 1.06, 0.966, 0.88, 0.808, 0.749, 0.703, 0.671, 0.649, 0.635, 0.628, 0.624, 0.623
2880, 1, 1.001, 1.024, 1.006, 0.942, 0.867, 0.812, 0.798, 0.83, 0.904, 1.01, 1.134, 1.262, 1.383, 1.486, 1.564, 1.614, 1.634, 1.625, 1.589, 1.529, 1.45, 1.359, 1.26, 1.158, 1.061, 0.971, 0.892, 0.827, 0.776, 0.74, 0.716, 0.703, 0.696, 0.694, 0.694, 0.694
2888, 1, 1.001, 1.024, 1.004, 0.939, 0.863, 0.809, 0.797, 0.832, 0.91, 1.019, 1.145, 1.275, 1.396, 1.498, 1.575, 1.623, 1.64, 1.628, 1.588, 1.526, 1.445, 1.353, 1.254, 1.155, 1.061, 0.976, 0.904, 0.848, 0.806, 0.779, 0.765, 0.76, 0.761, 0.765, 0.768, 0.77
2896, 1, 1.002, 1.024, 1.003, 0.936, 0.859, 0.806, 0.796, 0.835, 0.916, 1.028, 1.157, 1.288, 1.409, 1.511, 1.586, 1.631, 1.645, 1.629, 1.586, 1.521, 1.439, 1.346, 1.248, 1.152, 1.062, 0.983, 0.918, 0.87, 0.838, 0.821, 0.817, 0.821, 0.83, 0.84, 0.847, 0.85
2904, 1, 1.002, 1.024, 1.002, 0.933, 0.855, 0.803, 0.796, 0.838, 0.922, 1.038, 1.169, 1.301, 1.422, 1.523, 1.596, 1.638, 1.649, 1.629, 1.584, 1.516, 1.433, 1.339, 1.242, 1.148, 1.063, 0.99, 0.933, 0.894, 0.872, 0.866, 0.871, 0.885, 0.902, 0.918, 0.929, 0.933
2912, 1, 1.002, 1.024, 1, 0.93, 0.852, 0.801, 0.796, 0.841, 0.929, 1.047, 1.18, 1.314, 1.435, 1.534, 1.605, 1.644, 1.652, 1.629, 1.58, 1.51, 1.425, 1.331, 1.236, 1.145, 1.064, 0.998, 0.949, 0.919, 0.908, 0.912, 0.928, 0.952, 0.977, 1, 1.015, 1.021
2920, 1, 1.002, 1.024, 0.998, 0.926, 0.849, 0.799, 0.797, 0.845, 0.936, 1.057, 1.192, 1.327, 1.447, 1.545, 1.613, 1.649, 1.653, 1.627, 1.576, 1.503, 1.417, 1.323, 1.229, 1.142, 1.066, 1.006, 0.966, 0.946, 0.945, 0.96, 0.987, 1.021, 1.055, 1.084, 1.104, 1.111
2928, 1, 1.002, 1.024, 0.997, 0.923, 0.846, 0.797, 0.798, 0.849, 0.944, 1.067, 1.204, 1.339, 1.459, 1.555, 1.621, 1.654, 1.654, 1.625, 1.57, 1.496, 1.408, 1.315, 1.223, 1.138, 1.068, 1.015, 0.983, 0.973, 0.983, 1.01, 1.048, 1.092, 1.135, 1.171, 1.195, 1.203
2936, 1, 1.003, 1.024, 0.995, 0.92, 0.843, 0.796, 0.799, 0.854, 0.951, 1.077, 1.216, 1.351, 1.47, 1.564, 1.627, 1.657, 1.655, 1.622, 1.564, 1.488, 1.399, 1.306, 1.216, 1.135, 1.07, 1.024, 1.001, 1.001, 1.022, 1.06, 1.11, 1.165, 1.217, 1.26, 1.288, 1.298
2944, 1, 1.003, 1.024, 0.993, 0.918, 0.84, 0.795, 0.801, 0.858, 0.959, 1.087, 1.227, 1.362, 1.481, 1.573, 1.633, 1.66, 1.654, 1.618, 1.558, 1.479, 1.39, 1.297, 1.209, 1.132, 1.072, 1.034, 1.02, 1.03, 1.062, 1.112, 1.173, 1.238, 1.3, 1.35, 1.383, 1.394
2952, 1, 1.003, 1.024, 0.992, 0.915, 0.837, 0.794, 0.802, 0.863, 0.967, 1.097, 1.238, 1.373, 1.49, 1.581, 1.638, 1.662, 1.652, 1.613, 1.551, 1.47, 1.381, 1.289, 1.202, 1.129, 1.075, 1.044, 1.038, 1.059, 1.102, 1.164, 1.237, 1.313, 1.384, 1.441, 1.478, 1.491
2960, 1, 1.004, 1.024, 0.99, 0.912, 0.835, 0.794, 0.805, 0.869, 0.975, 1.107, 1.249, 1.384, 1.5, 1.587, 1.642, 1.663, 1.65, 1.608, 1.543, 1.461, 1.371, 1.28, 1.196, 1.126, 1.077, 1.054, 1.057, 1.088, 1.143, 1.217, 1.301, 1.389, 1.469, 1.533, 1.575, 1.59
2968, 1, 1.004, 1.024, 0.988, 0.909, 0.833, 0.793, 0.807, 0.874, 0.983, 1.117, 1.259, 1.394, 1.508, 1.594, 1.646, 1.663, 1.647, 1.602, 1.535, 1.452, 1.361, 1.271, 1.189, 1.123, 1.08, 1.064, 1.076, 1.117, 1.184, 1.269, 1.366, 1.464, 1.554, 1.626, 1.672, 1.688
2976, 1, 1.004, 1.023, 0.986, 0.907, 0.831, 0.793, 0.81, 0.879, 0.991, 1.126, 1.269, 1.403, 1.516, 1.599, 1.648, 1.662, 1.643, 1.596, 1.527, 1.443, 1.351, 1.262, 1.183, 1.121, 1.083, 1.074, 1.095, 1.146, 1.224, 1.322, 1.43, 1.54, 1.639, 1.719, 1.77, 1.788
2984, 1, 1.004, 1.023, 0.985, 0.904, 0.829, 0.793, 0.812, 0.885, 0.998, 1.136, 1.279, 1.412, 1.523, 1.604, 1.65, 1.661, 1.639, 1.59, 1.519, 1.433, 1.342, 1.254, 1.176, 1.118, 1.086, 1.083, 1.114, 1.175, 1.264, 1.374, 1.495, 1.616, 1.725, 1.812, 1.868, 1.888
2992, 1, 1.004, 1.023, 0.983, 0.902, 0.827, 0.794, 0.816, 0.891, 1.006, 1.145, 1.288, 1.42, 1.53, 1.608, 1.651, 1.659, 1.635, 1.583, 1.51, 1.424, 1.333, 1.246, 1.171, 1.116, 1.089, 1.093, 1.132, 1.203, 1.304, 1.426, 1.559, 1.691, 1.811, 1.906, 1.967, 1.988
</Data> , , , , , , , , , , , , , , , , , , , , , , , , , , , , , , , , , , , , 
