<Source> SigmaCalcv1.6 (r33) </Source> 
<Created> File created 09-10-2009 17:17:27 by Nuno P. Barradas</Created> 
<Comment>  </Comment> 
<Reaction>  </Reaction> 
<EnergyRange> </EnergyRange>
<AnglesNumber>  31 </AnglesNumber> 
<EnergiesNumber>  232 </EnergiesNumber> 
<Data> 
, 1, 10, 20, 30, 40, 50, 60, 65, 70, 75, 80, 85, 90, 95, 100, 105, 110, 115, 120, 125, 130, 135, 140, 145, 150, 155, 160, 165, 170, 175, 180
100, 1, 1, 1, 0.999, 0.996, 1.006, 1.006, 1.003, 0.999, 0.997, 0.998, 0.999, 1.002, 1.005, 1.007, 1.007, 1.006, 1.003, 0.998, 0.993, 0.987, 0.98, 0.974, 0.968, 0.962, 0.957, 0.954, 0.95, 0.948, 0.947, 0.946
120, 1, 1, 1.002, 0.996, 0.999, 1.008, 1.004, 1, 0.997, 0.996, 0.997, 0.999, 1.002, 1.005, 1.006, 1.006, 1.005, 1.002, 0.997, 0.991, 0.985, 0.978, 0.971, 0.965, 0.959, 0.954, 0.95, 0.947, 0.944, 0.943, 0.942
140, 1, 1, 1.002, 0.995, 1.003, 1.008, 1.002, 0.998, 0.995, 0.995, 0.997, 0.999, 1.002, 1.005, 1.006, 1.006, 1.004, 1, 0.996, 0.99, 0.983, 0.976, 0.969, 0.963, 0.957, 0.952, 0.947, 0.944, 0.941, 0.94, 0.939
160, 1, 0.999, 1.001, 0.996, 1.006, 1.008, 1, 0.996, 0.994, 0.994, 0.996, 0.999, 1.002, 1.005, 1.006, 1.006, 1.004, 1, 0.995, 0.989, 0.982, 0.975, 0.968, 0.961, 0.955, 0.949, 0.945, 0.941, 0.938, 0.937, 0.936
180, 1, 1, 0.999, 0.998, 1.007, 1.007, 0.998, 0.994, 0.993, 0.994, 0.996, 0.999, 1.002, 1.005, 1.006, 1.005, 1.003, 0.999, 0.994, 0.987, 0.98, 0.973, 0.966, 0.959, 0.953, 0.948, 0.943, 0.939, 0.936, 0.935, 0.934
200, 1, 1, 0.998, 1, 1.009, 1.005, 0.995, 0.992, 0.991, 0.992, 0.995, 0.999, 1.002, 1.005, 1.006, 1.006, 1.004, 1, 0.995, 0.989, 0.982, 0.974, 0.967, 0.96, 0.954, 0.948, 0.943, 0.939, 0.936, 0.934, 0.934
220, 1, 1, 0.997, 1.001, 1.009, 1.004, 0.994, 0.991, 0.991, 0.992, 0.995, 0.999, 1.002, 1.005, 1.006, 1.005, 1.003, 0.999, 0.994, 0.987, 0.98, 0.973, 0.966, 0.958, 0.952, 0.946, 0.941, 0.937, 0.934, 0.932, 0.932
240, 1, 1.001, 0.997, 1.003, 1.009, 1.002, 0.992, 0.99, 0.99, 0.992, 0.995, 0.999, 1.002, 1.005, 1.006, 1.005, 1.003, 0.999, 0.994, 0.987, 0.98, 0.972, 0.965, 0.958, 0.951, 0.945, 0.939, 0.935, 0.932, 0.93, 0.93
260, 1, 1.001, 0.997, 1.004, 1.009, 1, 0.991, 0.989, 0.989, 0.991, 0.995, 0.999, 1.002, 1.005, 1.006, 1.005, 1.003, 0.999, 0.994, 0.987, 0.98, 0.972, 0.965, 0.957, 0.95, 0.944, 0.939, 0.934, 0.931, 0.929, 0.929
280, 1, 1.001, 0.997, 1.006, 1.008, 0.999, 0.989, 0.988, 0.988, 0.991, 0.995, 0.999, 1.003, 1.005, 1.006, 1.006, 1.003, 0.999, 0.994, 0.988, 0.98, 0.973, 0.965, 0.958, 0.951, 0.945, 0.939, 0.935, 0.932, 0.93, 0.929
300, 1, 1.001, 0.998, 1.007, 1.008, 0.997, 0.988, 0.987, 0.988, 0.991, 0.995, 0.999, 1.003, 1.006, 1.007, 1.006, 1.004, 1, 0.995, 0.988, 0.981, 0.973, 0.966, 0.958, 0.951, 0.945, 0.939, 0.935, 0.931, 0.929, 0.929
320, 1, 1, 0.998, 1.007, 1.007, 0.995, 0.986, 0.985, 0.987, 0.99, 0.994, 0.999, 1.003, 1.006, 1.007, 1.007, 1.005, 1.001, 0.996, 0.989, 0.982, 0.974, 0.967, 0.959, 0.952, 0.946, 0.94, 0.936, 0.933, 0.931, 0.93
340, 1, 1, 0.999, 1.008, 1.006, 0.994, 0.985, 0.985, 0.986, 0.99, 0.994, 0.999, 1.003, 1.006, 1.008, 1.008, 1.006, 1.002, 0.997, 0.991, 0.983, 0.976, 0.968, 0.96, 0.953, 0.947, 0.941, 0.937, 0.933, 0.931, 0.931
360, 1, 1, 1, 1.008, 1.005, 0.992, 0.984, 0.983, 0.985, 0.989, 0.994, 0.999, 1.004, 1.007, 1.009, 1.009, 1.007, 1.004, 0.999, 0.992, 0.985, 0.978, 0.97, 0.962, 0.955, 0.949, 0.943, 0.939, 0.935, 0.933, 0.933
380, 1, 1, 1, 1.009, 1.004, 0.99, 0.982, 0.982, 0.985, 0.989, 0.994, 1, 1.004, 1.008, 1.01, 1.01, 1.009, 1.006, 1.001, 0.995, 0.988, 0.98, 0.972, 0.965, 0.958, 0.951, 0.946, 0.941, 0.938, 0.936, 0.935
400, 1, 0.999, 1.001, 1.009, 1.002, 0.988, 0.981, 0.981, 0.984, 0.989, 0.994, 1, 1.005, 1.009, 1.012, 1.012, 1.011, 1.008, 1.003, 0.997, 0.991, 0.983, 0.976, 0.968, 0.961, 0.954, 0.949, 0.944, 0.941, 0.939, 0.938
420, 1, 0.999, 1.002, 1.009, 1.001, 0.987, 0.979, 0.98, 0.983, 0.988, 0.995, 1.001, 1.006, 1.011, 1.014, 1.014, 1.014, 1.011, 1.006, 1.001, 0.994, 0.987, 0.979, 0.972, 0.965, 0.958, 0.953, 0.948, 0.945, 0.943, 0.942
440, 1, 0.999, 1.003, 1.009, 0.999, 0.985, 0.978, 0.979, 0.983, 0.988, 0.995, 1.001, 1.008, 1.012, 1.016, 1.017, 1.016, 1.014, 1.01, 1.004, 0.998, 0.991, 0.983, 0.976, 0.969, 0.963, 0.957, 0.953, 0.949, 0.947, 0.946
460, 1, 0.999, 1.004, 1.008, 0.998, 0.983, 0.976, 0.978, 0.982, 0.988, 0.995, 1.002, 1.009, 1.014, 1.018, 1.02, 1.02, 1.018, 1.014, 1.009, 1.002, 0.996, 0.988, 0.981, 0.974, 0.968, 0.962, 0.958, 0.954, 0.952, 0.952
480, 1, 0.999, 1.004, 1.008, 0.996, 0.981, 0.975, 0.977, 0.981, 0.988, 0.996, 1.004, 1.011, 1.017, 1.021, 1.023, 1.024, 1.022, 1.019, 1.014, 1.008, 1.001, 0.994, 0.987, 0.98, 0.974, 0.968, 0.964, 0.96, 0.958, 0.958
500, 1, 0.999, 1.005, 1.008, 0.994, 0.979, 0.973, 0.976, 0.981, 0.988, 0.996, 1.005, 1.013, 1.019, 1.024, 1.027, 1.028, 1.027, 1.024, 1.019, 1.014, 1.007, 1, 0.993, 0.987, 0.981, 0.975, 0.971, 0.967, 0.965, 0.965
520, 1, 0.999, 1.006, 1.007, 0.992, 0.976, 0.972, 0.975, 0.98, 0.988, 0.997, 1.006, 1.015, 1.022, 1.028, 1.031, 1.033, 1.032, 1.03, 1.026, 1.02, 1.014, 1.008, 1.001, 0.994, 0.988, 0.983, 0.978, 0.975, 0.973, 0.972
540, 1, 0.999, 1.006, 1.006, 0.99, 0.974, 0.97, 0.974, 0.98, 0.989, 0.998, 1.008, 1.018, 1.026, 1.032, 1.036, 1.038, 1.038, 1.036, 1.032, 1.028, 1.022, 1.016, 1.009, 1.002, 0.997, 0.991, 0.987, 0.984, 0.982, 0.981
560, 1, 0.999, 1.007, 1.005, 0.988, 0.972, 0.969, 0.973, 0.98, 0.989, 1, 1.01, 1.02, 1.029, 1.036, 1.041, 1.044, 1.044, 1.043, 1.04, 1.036, 1.03, 1.024, 1.018, 1.012, 1.006, 1.001, 0.997, 0.993, 0.991, 0.991
580, 1, 0.999, 1.007, 1.004, 0.986, 0.969, 0.967, 0.972, 0.98, 0.99, 1.001, 1.013, 1.024, 1.033, 1.041, 1.047, 1.05, 1.052, 1.051, 1.048, 1.044, 1.039, 1.034, 1.028, 1.022, 1.016, 1.011, 1.007, 1.004, 1.002, 1.001
600, 1, 0.999, 1.008, 1.003, 0.984, 0.967, 0.966, 0.971, 0.98, 0.99, 1.003, 1.015, 1.027, 1.038, 1.046, 1.053, 1.057, 1.059, 1.059, 1.057, 1.054, 1.049, 1.044, 1.038, 1.033, 1.027, 1.022, 1.018, 1.015, 1.013, 1.013
620, 1, 0.999, 1.008, 1.002, 0.981, 0.965, 0.964, 0.97, 0.98, 0.991, 1.005, 1.018, 1.031, 1.043, 1.052, 1.06, 1.065, 1.068, 1.068, 1.067, 1.064, 1.06, 1.055, 1.05, 1.044, 1.039, 1.034, 1.031, 1.028, 1.026, 1.025
640, 1, 0.999, 1.008, 1.001, 0.979, 0.962, 0.963, 0.969, 0.98, 0.993, 1.007, 1.021, 1.035, 1.048, 1.058, 1.067, 1.073, 1.077, 1.078, 1.077, 1.075, 1.072, 1.067, 1.062, 1.057, 1.052, 1.048, 1.044, 1.041, 1.039, 1.039
660, 1, 1, 1.008, 0.999, 0.976, 0.96, 0.961, 0.969, 0.98, 0.994, 1.009, 1.025, 1.04, 1.054, 1.065, 1.075, 1.082, 1.086, 1.089, 1.089, 1.087, 1.084, 1.08, 1.075, 1.071, 1.066, 1.062, 1.058, 1.055, 1.054, 1.053
680, 1, 1, 1.008, 0.998, 0.974, 0.957, 0.96, 0.968, 0.98, 0.995, 1.012, 1.028, 1.045, 1.06, 1.073, 1.083, 1.091, 1.097, 1.1, 1.101, 1.1, 1.097, 1.094, 1.09, 1.085, 1.081, 1.077, 1.073, 1.071, 1.069, 1.069
700, 1, 1, 1.008, 0.996, 0.971, 0.955, 0.958, 0.968, 0.981, 0.997, 1.014, 1.032, 1.05, 1.066, 1.08, 1.092, 1.101, 1.107, 1.111, 1.113, 1.113, 1.111, 1.108, 1.105, 1.101, 1.097, 1.093, 1.089, 1.087, 1.085, 1.085
720, 1, 1, 1.008, 0.995, 0.968, 0.952, 0.957, 0.967, 0.982, 0.999, 1.018, 1.037, 1.056, 1.073, 1.088, 1.101, 1.111, 1.119, 1.124, 1.127, 1.127, 1.126, 1.124, 1.121, 1.117, 1.113, 1.11, 1.107, 1.104, 1.103, 1.102
740, 1, 1.001, 1.008, 0.993, 0.966, 0.95, 0.956, 0.967, 0.983, 1.001, 1.021, 1.042, 1.062, 1.08, 1.097, 1.111, 1.122, 1.131, 1.137, 1.141, 1.142, 1.142, 1.14, 1.137, 1.134, 1.131, 1.128, 1.125, 1.123, 1.121, 1.121
760, 1, 1.001, 1.008, 0.991, 0.963, 0.947, 0.955, 0.967, 0.984, 1.003, 1.024, 1.046, 1.068, 1.088, 1.106, 1.121, 1.134, 1.144, 1.151, 1.155, 1.158, 1.158, 1.157, 1.155, 1.152, 1.149, 1.147, 1.144, 1.142, 1.141, 1.14
780, 1, 1.001, 1.008, 0.989, 0.96, 0.945, 0.954, 0.967, 0.985, 1.006, 1.028, 1.052, 1.075, 1.096, 1.115, 1.132, 1.146, 1.157, 1.165, 1.171, 1.174, 1.175, 1.175, 1.174, 1.171, 1.169, 1.166, 1.164, 1.162, 1.161, 1.161
800, 1, 1.002, 1.008, 0.987, 0.957, 0.942, 0.953, 0.967, 0.986, 1.008, 1.032, 1.057, 1.082, 1.105, 1.125, 1.144, 1.159, 1.171, 1.18, 1.187, 1.191, 1.193, 1.194, 1.193, 1.192, 1.189, 1.187, 1.185, 1.183, 1.183, 1.182
820, 1, 1.002, 1.007, 0.985, 0.954, 0.94, 0.952, 0.967, 0.987, 1.011, 1.037, 1.063, 1.089, 1.113, 1.136, 1.155, 1.172, 1.186, 1.196, 1.204, 1.209, 1.212, 1.214, 1.213, 1.212, 1.211, 1.209, 1.207, 1.206, 1.205, 1.205
840, 1, 1.002, 1.007, 0.983, 0.951, 0.937, 0.951, 0.967, 0.989, 1.014, 1.041, 1.069, 1.097, 1.123, 1.147, 1.168, 1.186, 1.201, 1.213, 1.222, 1.228, 1.232, 1.234, 1.235, 1.234, 1.233, 1.232, 1.23, 1.229, 1.228, 1.228
860, 1, 1.003, 1.006, 0.981, 0.948, 0.934, 0.95, 0.968, 0.991, 1.017, 1.046, 1.075, 1.105, 1.132, 1.158, 1.181, 1.2, 1.217, 1.23, 1.24, 1.247, 1.252, 1.255, 1.257, 1.257, 1.256, 1.255, 1.254, 1.253, 1.253, 1.252
880, 1, 1.003, 1.006, 0.978, 0.945, 0.932, 0.949, 0.968, 0.992, 1.02, 1.051, 1.082, 1.113, 1.142, 1.17, 1.194, 1.215, 1.233, 1.248, 1.259, 1.268, 1.274, 1.277, 1.28, 1.28, 1.28, 1.28, 1.279, 1.279, 1.278, 1.278
900, 1, 1.004, 1.005, 0.976, 0.942, 0.929, 0.949, 0.969, 0.994, 1.024, 1.056, 1.089, 1.122, 1.153, 1.182, 1.208, 1.231, 1.25, 1.266, 1.279, 1.288, 1.296, 1.3, 1.303, 1.305, 1.306, 1.306, 1.305, 1.305, 1.304, 1.304
920, 1, 1.004, 1.005, 0.974, 0.939, 0.927, 0.948, 0.969, 0.996, 1.028, 1.061, 1.096, 1.131, 1.164, 1.194, 1.222, 1.247, 1.268, 1.285, 1.299, 1.31, 1.318, 1.324, 1.328, 1.33, 1.332, 1.332, 1.332, 1.332, 1.332, 1.332
940, 1, 1.004, 1.004, 0.971, 0.936, 0.925, 0.947, 0.97, 0.999, 1.032, 1.067, 1.103, 1.14, 1.175, 1.207, 1.237, 1.263, 1.286, 1.305, 1.32, 1.333, 1.342, 1.349, 1.353, 1.357, 1.359, 1.359, 1.36, 1.36, 1.36, 1.36
960, 1, 1.005, 1.003, 0.969, 0.932, 0.922, 0.947, 0.971, 1.001, 1.036, 1.073, 1.111, 1.149, 1.186, 1.221, 1.252, 1.28, 1.304, 1.325, 1.342, 1.356, 1.366, 1.374, 1.38, 1.384, 1.386, 1.388, 1.389, 1.389, 1.389, 1.389
980, 1, 1.005, 1.002, 0.966, 0.929, 0.92, 0.947, 0.972, 1.004, 1.04, 1.079, 1.119, 1.159, 1.198, 1.234, 1.268, 1.298, 1.324, 1.346, 1.364, 1.379, 1.391, 1.4, 1.407, 1.412, 1.415, 1.417, 1.418, 1.419, 1.419, 1.419
1000, 1, 1.005, 1.002, 0.964, 0.926, 0.917, 0.946, 0.973, 1.006, 1.044, 1.085, 1.127, 1.169, 1.21, 1.249, 1.284, 1.316, 1.344, 1.367, 1.387, 1.404, 1.417, 1.427, 1.435, 1.441, 1.445, 1.447, 1.449, 1.45, 1.451, 1.451
1020, 1, 1.006, 1.001, 0.961, 0.923, 0.915, 0.946, 0.974, 1.009, 1.048, 1.091, 1.136, 1.18, 1.223, 1.263, 1.3, 1.334, 1.364, 1.389, 1.411, 1.429, 1.443, 1.455, 1.464, 1.47, 1.475, 1.478, 1.48, 1.482, 1.483, 1.483
1040, 1, 1.006, 1, 0.959, 0.92, 0.913, 0.946, 0.975, 1.012, 1.053, 1.098, 1.144, 1.191, 1.236, 1.278, 1.317, 1.353, 1.385, 1.412, 1.435, 1.455, 1.471, 1.483, 1.493, 1.501, 1.506, 1.51, 1.513, 1.515, 1.516, 1.516
1060, 1, 1.006, 0.999, 0.956, 0.917, 0.911, 0.945, 0.977, 1.015, 1.058, 1.105, 1.153, 1.202, 1.249, 1.293, 1.335, 1.372, 1.406, 1.435, 1.46, 1.481, 1.499, 1.512, 1.523, 1.532, 1.538, 1.543, 1.546, 1.548, 1.55, 1.55
1080, 1, 1.006, 0.998, 0.954, 0.914, 0.908, 0.945, 0.978, 1.018, 1.063, 1.112, 1.162, 1.213, 1.262, 1.309, 1.353, 1.392, 1.428, 1.459, 1.486, 1.508, 1.527, 1.542, 1.555, 1.564, 1.571, 1.577, 1.58, 1.583, 1.584, 1.585
1100, 1, 1.007, 0.997, 0.951, 0.911, 0.906, 0.945, 0.979, 1.021, 1.068, 1.119, 1.171, 1.224, 1.276, 1.325, 1.371, 1.413, 1.45, 1.483, 1.512, 1.536, 1.556, 1.573, 1.587, 1.597, 1.605, 1.611, 1.615, 1.618, 1.62, 1.621
1120, 1, 1.007, 0.996, 0.948, 0.907, 0.904, 0.945, 0.981, 1.024, 1.073, 1.126, 1.181, 1.236, 1.29, 1.341, 1.389, 1.433, 1.473, 1.508, 1.539, 1.565, 1.587, 1.605, 1.619, 1.631, 1.64, 1.647, 1.651, 1.655, 1.657, 1.657
1140, 1, 1.007, 0.995, 0.946, 0.904, 0.902, 0.945, 0.983, 1.028, 1.079, 1.133, 1.191, 1.248, 1.304, 1.358, 1.408, 1.454, 1.496, 1.533, 1.566, 1.594, 1.617, 1.637, 1.652, 1.665, 1.675, 1.683, 1.688, 1.692, 1.694, 1.695
1160, 1, 1.007, 0.994, 0.943, 0.901, 0.899, 0.946, 0.984, 1.031, 1.084, 1.141, 1.2, 1.26, 1.319, 1.375, 1.427, 1.476, 1.52, 1.559, 1.594, 1.623, 1.648, 1.669, 1.687, 1.7, 1.711, 1.72, 1.726, 1.73, 1.732, 1.733
1180, 1, 1.008, 0.992, 0.94, 0.898, 0.897, 0.946, 0.986, 1.034, 1.09, 1.149, 1.21, 1.272, 1.333, 1.392, 1.447, 1.498, 1.544, 1.586, 1.622, 1.654, 1.68, 1.703, 1.722, 1.736, 1.748, 1.757, 1.764, 1.769, 1.771, 1.772
1200, 1, 1.008, 0.991, 0.937, 0.895, 0.895, 0.946, 0.988, 1.038, 1.095, 1.157, 1.221, 1.285, 1.349, 1.41, 1.467, 1.52, 1.569, 1.613, 1.651, 1.684, 1.713, 1.737, 1.757, 1.773, 1.786, 1.796, 1.803, 1.808, 1.811, 1.812
1220, 1, 1.008, 0.99, 0.935, 0.892, 0.893, 0.946, 0.99, 1.042, 1.101, 1.165, 1.231, 1.298, 1.364, 1.427, 1.488, 1.543, 1.594, 1.64, 1.68, 1.716, 1.746, 1.772, 1.793, 1.811, 1.825, 1.836, 1.844, 1.849, 1.852, 1.853
1240, 1, 1.008, 0.989, 0.932, 0.889, 0.891, 0.946, 0.992, 1.046, 1.107, 1.173, 1.242, 1.311, 1.379, 1.446, 1.508, 1.566, 1.62, 1.668, 1.711, 1.748, 1.78, 1.807, 1.83, 1.849, 1.864, 1.876, 1.884, 1.89, 1.894, 1.895
1260, 1, 1.008, 0.987, 0.929, 0.885, 0.889, 0.947, 0.994, 1.05, 1.113, 1.181, 1.252, 1.324, 1.395, 1.464, 1.529, 1.59, 1.646, 1.696, 1.741, 1.78, 1.815, 1.844, 1.868, 1.888, 1.904, 1.917, 1.926, 1.932, 1.936, 1.938
1280, 1, 1.008, 0.986, 0.926, 0.882, 0.887, 0.947, 0.996, 1.054, 1.119, 1.19, 1.263, 1.338, 1.411, 1.483, 1.551, 1.614, 1.672, 1.725, 1.772, 1.813, 1.849, 1.88, 1.906, 1.927, 1.945, 1.958, 1.968, 1.975, 1.979, 1.981
1300, 1, 1.008, 0.985, 0.923, 0.879, 0.885, 0.948, 0.998, 1.058, 1.125, 1.198, 1.274, 1.351, 1.428, 1.502, 1.572, 1.638, 1.699, 1.754, 1.804, 1.847, 1.885, 1.918, 1.945, 1.968, 1.986, 2.001, 2.011, 2.019, 2.023, 2.025
1320, 1, 1.008, 0.983, 0.921, 0.876, 0.883, 0.948, 1, 1.062, 1.131, 1.207, 1.285, 1.365, 1.444, 1.521, 1.594, 1.663, 1.726, 1.784, 1.836, 1.881, 1.921, 1.956, 1.985, 2.009, 2.028, 2.044, 2.055, 2.063, 2.068, 2.07
1340, 1, 1.009, 0.982, 0.918, 0.873, 0.881, 0.949, 1.002, 1.066, 1.138, 1.216, 1.297, 1.379, 1.461, 1.54, 1.617, 1.688, 1.754, 1.814, 1.868, 1.916, 1.958, 1.994, 2.025, 2.05, 2.071, 2.088, 2.1, 2.109, 2.114, 2.115
1360, 1, 1.009, 0.981, 0.915, 0.87, 0.879, 0.949, 1.004, 1.07, 1.144, 1.224, 1.308, 1.393, 1.478, 1.56, 1.639, 1.713, 1.782, 1.845, 1.901, 1.951, 1.995, 2.033, 2.066, 2.093, 2.115, 2.132, 2.145, 2.154, 2.16, 2.162
1380, 1, 1.009, 0.979, 0.912, 0.867, 0.877, 0.95, 1.006, 1.074, 1.151, 1.234, 1.32, 1.408, 1.495, 1.58, 1.662, 1.739, 1.81, 1.876, 1.934, 1.987, 2.033, 2.073, 2.107, 2.136, 2.159, 2.177, 2.191, 2.201, 2.207, 2.209
1400, 1, 1.009, 0.978, 0.909, 0.864, 0.875, 0.95, 1.009, 1.079, 1.157, 1.243, 1.332, 1.422, 1.512, 1.601, 1.685, 1.765, 1.839, 1.907, 1.968, 2.023, 2.072, 2.114, 2.149, 2.179, 2.204, 2.223, 2.238, 2.248, 2.255, 2.256
1420, 1, 1.009, 0.976, 0.907, 0.861, 0.873, 0.951, 1.011, 1.083, 1.164, 1.252, 1.343, 1.437, 1.53, 1.621, 1.708, 1.791, 1.868, 1.939, 2.003, 2.06, 2.111, 2.154, 2.192, 2.223, 2.249, 2.27, 2.285, 2.296, 2.303, 2.305
1440, 1, 1.009, 0.975, 0.904, 0.858, 0.871, 0.951, 1.014, 1.087, 1.171, 1.261, 1.355, 1.452, 1.548, 1.642, 1.732, 1.818, 1.897, 1.971, 2.038, 2.097, 2.15, 2.196, 2.235, 2.268, 2.295, 2.317, 2.333, 2.345, 2.352, 2.354
1460, 1, 1.009, 0.973, 0.901, 0.855, 0.869, 0.952, 1.016, 1.092, 1.178, 1.27, 1.367, 1.467, 1.566, 1.663, 1.756, 1.845, 1.927, 2.003, 2.073, 2.135, 2.19, 2.238, 2.279, 2.314, 2.342, 2.365, 2.382, 2.394, 2.402, 2.404
1480, 1, 1.009, 0.972, 0.898, 0.851, 0.867, 0.953, 1.018, 1.097, 1.185, 1.28, 1.38, 1.482, 1.584, 1.684, 1.78, 1.872, 1.957, 2.036, 2.108, 2.173, 2.23, 2.28, 2.323, 2.36, 2.389, 2.413, 2.432, 2.444, 2.452, 2.454
1500, 1, 1.009, 0.971, 0.895, 0.848, 0.865, 0.953, 1.021, 1.101, 1.192, 1.289, 1.392, 1.497, 1.602, 1.705, 1.804, 1.899, 1.988, 2.07, 2.144, 2.211, 2.271, 2.323, 2.368, 2.406, 2.437, 2.462, 2.482, 2.495, 2.503, 2.506
1520, 1, 1.009, 0.969, 0.893, 0.845, 0.863, 0.954, 1.023, 1.106, 1.198, 1.299, 1.404, 1.512, 1.62, 1.727, 1.829, 1.927, 2.018, 2.103, 2.181, 2.25, 2.312, 2.367, 2.413, 2.453, 2.486, 2.512, 2.532, 2.546, 2.555, 2.557
1540, 1, 1.009, 0.968, 0.89, 0.842, 0.862, 0.955, 1.026, 1.11, 1.206, 1.309, 1.417, 1.528, 1.639, 1.748, 1.854, 1.955, 2.049, 2.137, 2.217, 2.29, 2.354, 2.411, 2.46, 2.501, 2.535, 2.562, 2.583, 2.598, 2.607, 2.61
1560, 1, 1.009, 0.966, 0.887, 0.839, 0.86, 0.955, 1.028, 1.115, 1.212, 1.318, 1.429, 1.543, 1.657, 1.77, 1.879, 1.983, 2.081, 2.171, 2.255, 2.329, 2.396, 2.455, 2.506, 2.549, 2.585, 2.613, 2.635, 2.651, 2.66, 2.663
1580, 1, 1.009, 0.965, 0.884, 0.836, 0.858, 0.956, 1.031, 1.12, 1.22, 1.328, 1.442, 1.559, 1.676, 1.792, 1.904, 2.011, 2.112, 2.206, 2.292, 2.37, 2.439, 2.5, 2.553, 2.598, 2.635, 2.665, 2.688, 2.704, 2.713, 2.716
1600, 1, 1.009, 0.963, 0.881, 0.833, 0.856, 0.957, 1.033, 1.124, 1.227, 1.338, 1.455, 1.575, 1.695, 1.814, 1.93, 2.04, 2.144, 2.241, 2.33, 2.41, 2.482, 2.546, 2.6, 2.647, 2.686, 2.717, 2.741, 2.757, 2.767, 2.771
1620, 1, 1.009, 0.961, 0.878, 0.83, 0.854, 0.958, 1.036, 1.129, 1.234, 1.348, 1.468, 1.591, 1.714, 1.837, 1.955, 2.069, 2.176, 2.276, 2.368, 2.451, 2.526, 2.591, 2.648, 2.697, 2.737, 2.769, 2.794, 2.812, 2.822, 2.825
1640, 1, 1.008, 0.96, 0.875, 0.827, 0.852, 0.958, 1.039, 1.134, 1.241, 1.358, 1.48, 1.607, 1.734, 1.859, 1.981, 2.098, 2.209, 2.312, 2.406, 2.493, 2.57, 2.638, 2.697, 2.747, 2.789, 2.822, 2.848, 2.866, 2.877, 2.881
1660, 1, 1.008, 0.958, 0.873, 0.824, 0.85, 0.959, 1.041, 1.139, 1.248, 1.368, 1.493, 1.623, 1.753, 1.882, 2.007, 2.128, 2.241, 2.348, 2.445, 2.534, 2.614, 2.684, 2.745, 2.798, 2.841, 2.876, 2.903, 2.922, 2.933, 2.937
1680, 1, 1.008, 0.957, 0.87, 0.821, 0.848, 0.96, 1.044, 1.143, 1.256, 1.378, 1.506, 1.639, 1.772, 1.905, 2.034, 2.157, 2.274, 2.384, 2.485, 2.576, 2.659, 2.731, 2.795, 2.849, 2.894, 2.93, 2.958, 2.978, 2.989, 2.993
1700, 1, 1.008, 0.955, 0.867, 0.818, 0.846, 0.961, 1.046, 1.148, 1.263, 1.388, 1.519, 1.655, 1.792, 1.928, 2.06, 2.187, 2.307, 2.42, 2.524, 2.619, 2.704, 2.779, 2.845, 2.901, 2.947, 2.985, 3.014, 3.034, 3.046, 3.05
1720, 1, 1.008, 0.954, 0.864, 0.815, 0.844, 0.961, 1.049, 1.153, 1.27, 1.398, 1.533, 1.671, 1.812, 1.951, 2.086, 2.217, 2.341, 2.457, 2.564, 2.661, 2.749, 2.827, 2.895, 2.953, 3.001, 3.04, 3.07, 3.091, 3.103, 3.108
1740, 1, 1.008, 0.952, 0.861, 0.811, 0.842, 0.962, 1.052, 1.158, 1.278, 1.408, 1.546, 1.688, 1.831, 1.974, 2.113, 2.247, 2.374, 2.494, 2.604, 2.704, 2.795, 2.875, 2.945, 3.005, 3.055, 3.095, 3.127, 3.148, 3.161, 3.166
1760, 1, 1.008, 0.951, 0.858, 0.808, 0.841, 0.963, 1.054, 1.163, 1.285, 1.418, 1.559, 1.704, 1.851, 1.997, 2.14, 2.277, 2.408, 2.531, 2.644, 2.748, 2.841, 2.924, 2.996, 3.058, 3.11, 3.151, 3.184, 3.206, 3.22, 3.224
1780, 1, 1.008, 0.949, 0.856, 0.805, 0.839, 0.964, 1.057, 1.168, 1.293, 1.429, 1.572, 1.721, 1.871, 2.021, 2.167, 2.308, 2.442, 2.568, 2.685, 2.792, 2.888, 2.973, 3.048, 3.111, 3.165, 3.208, 3.241, 3.265, 3.279, 3.283
1800, 1, 1.008, 0.947, 0.853, 0.802, 0.837, 0.964, 1.06, 1.173, 1.3, 1.439, 1.586, 1.737, 1.891, 2.044, 2.194, 2.339, 2.476, 2.606, 2.726, 2.835, 2.934, 3.022, 3.099, 3.165, 3.22, 3.265, 3.299, 3.324, 3.338, 3.343
1820, 1, 1.008, 0.946, 0.85, 0.799, 0.835, 0.965, 1.062, 1.177, 1.308, 1.449, 1.599, 1.754, 1.911, 2.068, 2.221, 2.369, 2.511, 2.643, 2.767, 2.88, 2.982, 3.072, 3.152, 3.22, 3.276, 3.322, 3.358, 3.383, 3.398, 3.403
1840, 1, 1.007, 0.944, 0.847, 0.796, 0.833, 0.966, 1.065, 1.182, 1.315, 1.459, 1.612, 1.771, 1.931, 2.091, 2.248, 2.4, 2.545, 2.682, 2.808, 2.924, 3.029, 3.122, 3.204, 3.274, 3.333, 3.38, 3.417, 3.443, 3.458, 3.463
1860, 1, 1.007, 0.943, 0.844, 0.793, 0.831, 0.966, 1.067, 1.187, 1.322, 1.47, 1.626, 1.787, 1.952, 2.115, 2.276, 2.431, 2.58, 2.72, 2.85, 2.969, 3.077, 3.173, 3.257, 3.329, 3.39, 3.439, 3.476, 3.503, 3.519, 3.524
1880, 1, 1.007, 0.941, 0.841, 0.79, 0.829, 0.967, 1.07, 1.192, 1.33, 1.48, 1.639, 1.804, 1.972, 2.139, 2.304, 2.463, 2.615, 2.758, 2.892, 3.014, 3.125, 3.224, 3.31, 3.385, 3.447, 3.497, 3.536, 3.564, 3.58, 3.586
1900, 1, 1.007, 0.939, 0.838, 0.786, 0.827, 0.968, 1.073, 1.197, 1.337, 1.49, 1.653, 1.821, 1.992, 2.163, 2.331, 2.494, 2.65, 2.797, 2.934, 3.059, 3.173, 3.275, 3.364, 3.44, 3.505, 3.556, 3.596, 3.625, 3.642, 3.647
1920, 1, 1.007, 0.938, 0.835, 0.783, 0.825, 0.969, 1.075, 1.202, 1.345, 1.501, 1.666, 1.838, 2.012, 2.187, 2.359, 2.526, 2.685, 2.836, 2.976, 3.105, 3.222, 3.326, 3.418, 3.497, 3.562, 3.616, 3.657, 3.686, 3.704, 3.71
1940, 1, 1.006, 0.936, 0.833, 0.78, 0.823, 0.969, 1.078, 1.207, 1.352, 1.511, 1.68, 1.855, 2.033, 2.211, 2.387, 2.557, 2.72, 2.875, 3.018, 3.151, 3.271, 3.378, 3.472, 3.553, 3.621, 3.676, 3.718, 3.748, 3.766, 3.772
1960, 1, 1.006, 0.934, 0.83, 0.777, 0.821, 0.97, 1.08, 1.211, 1.359, 1.521, 1.693, 1.872, 2.053, 2.235, 2.414, 2.589, 2.756, 2.914, 3.061, 3.197, 3.32, 3.43, 3.527, 3.61, 3.68, 3.736, 3.78, 3.811, 3.829, 3.836
1980, 1, 1.006, 0.933, 0.827, 0.774, 0.819, 0.97, 1.083, 1.216, 1.367, 1.532, 1.707, 1.888, 2.074, 2.259, 2.442, 2.621, 2.791, 2.953, 3.104, 3.243, 3.369, 3.482, 3.582, 3.667, 3.739, 3.797, 3.842, 3.874, 3.893, 3.899
2000, 1, 1.006, 0.931, 0.824, 0.77, 0.817, 0.971, 1.085, 1.221, 1.374, 1.542, 1.72, 1.905, 2.094, 2.284, 2.47, 2.652, 2.827, 2.993, 3.147, 3.29, 3.419, 3.535, 3.637, 3.725, 3.798, 3.858, 3.904, 3.937, 3.956, 3.963
2020, 1, 1.006, 0.93, 0.821, 0.767, 0.814, 0.972, 1.088, 1.226, 1.382, 1.552, 1.734, 1.922, 2.115, 2.308, 2.499, 2.684, 2.863, 3.032, 3.19, 3.336, 3.469, 3.588, 3.692, 3.782, 3.858, 3.92, 3.967, 4, 4.021, 4.027
2040, 1, 1.006, 0.928, 0.818, 0.764, 0.812, 0.972, 1.09, 1.23, 1.389, 1.562, 1.747, 1.939, 2.135, 2.332, 2.527, 2.716, 2.899, 3.072, 3.234, 3.383, 3.519, 3.641, 3.748, 3.841, 3.918, 3.981, 4.03, 4.064, 4.085, 4.092
2060, 1, 1.005, 0.926, 0.815, 0.761, 0.81, 0.973, 1.093, 1.235, 1.396, 1.573, 1.76, 1.956, 2.156, 2.356, 2.555, 2.748, 2.935, 3.112, 3.277, 3.43, 3.57, 3.694, 3.804, 3.899, 3.979, 4.043, 4.093, 4.129, 4.15, 4.157
2080, 1, 1.005, 0.925, 0.812, 0.757, 0.808, 0.973, 1.095, 1.24, 1.404, 1.583, 1.774, 1.973, 2.176, 2.381, 2.583, 2.781, 2.971, 3.152, 3.321, 3.478, 3.62, 3.748, 3.861, 3.958, 4.04, 4.106, 4.157, 4.194, 4.215, 4.223
2100, 1, 1.005, 0.923, 0.809, 0.754, 0.806, 0.974, 1.098, 1.245, 1.411, 1.593, 1.787, 1.99, 2.197, 2.405, 2.611, 2.813, 3.007, 3.192, 3.365, 3.525, 3.671, 3.802, 3.917, 4.017, 4.101, 4.169, 4.221, 4.259, 4.281, 4.288
2120, 1, 1.005, 0.921, 0.806, 0.751, 0.803, 0.974, 1.1, 1.249, 1.418, 1.603, 1.801, 2.006, 2.217, 2.429, 2.639, 2.845, 3.043, 3.232, 3.409, 3.573, 3.722, 3.856, 3.974, 4.076, 4.162, 4.232, 4.286, 4.324, 4.347, 4.355
2140, 1, 1.004, 0.92, 0.803, 0.747, 0.801, 0.974, 1.102, 1.254, 1.425, 1.613, 1.814, 2.023, 2.237, 2.453, 2.668, 2.877, 3.079, 3.272, 3.453, 3.62, 3.773, 3.91, 4.032, 4.136, 4.224, 4.296, 4.351, 4.39, 4.413, 4.421
2160, 1, 1.004, 0.918, 0.8, 0.744, 0.799, 0.975, 1.105, 1.258, 1.433, 1.623, 1.827, 2.04, 2.258, 2.478, 2.696, 2.909, 3.116, 3.312, 3.497, 3.668, 3.825, 3.965, 4.089, 4.196, 4.286, 4.359, 4.416, 4.456, 4.48, 4.488
2180, 1, 1.004, 0.916, 0.797, 0.741, 0.796, 0.975, 1.107, 1.263, 1.44, 1.633, 1.84, 2.057, 2.278, 2.502, 2.724, 2.942, 3.152, 3.353, 3.541, 3.716, 3.876, 4.02, 4.147, 4.256, 4.349, 4.424, 4.482, 4.523, 4.548, 4.556
2200, 1, 1.004, 0.915, 0.794, 0.737, 0.794, 0.975, 1.109, 1.267, 1.447, 1.643, 1.854, 2.073, 2.298, 2.526, 2.752, 2.974, 3.188, 3.393, 3.586, 3.764, 3.928, 4.075, 4.205, 4.317, 4.411, 4.488, 4.548, 4.59, 4.615, 4.623
2220, 1, 1.004, 0.913, 0.791, 0.734, 0.792, 0.976, 1.111, 1.272, 1.454, 1.653, 1.867, 2.09, 2.319, 2.55, 2.78, 3.006, 3.225, 3.433, 3.63, 3.813, 3.98, 4.13, 4.263, 4.378, 4.474, 4.553, 4.614, 4.657, 4.683, 4.691
2240, 1, 1.003, 0.911, 0.787, 0.73, 0.789, 0.976, 1.113, 1.276, 1.461, 1.663, 1.88, 2.106, 2.339, 2.574, 2.808, 3.038, 3.261, 3.474, 3.675, 3.861, 4.032, 4.185, 4.321, 4.439, 4.538, 4.618, 4.68, 4.725, 4.751, 4.76
2260, 1, 1.003, 0.909, 0.784, 0.726, 0.786, 0.976, 1.115, 1.28, 1.468, 1.673, 1.893, 2.123, 2.359, 2.598, 2.836, 3.07, 3.297, 3.514, 3.719, 3.909, 4.084, 4.241, 4.38, 4.5, 4.601, 4.684, 4.747, 4.793, 4.819, 4.829
2280, 1, 1.003, 0.908, 0.781, 0.723, 0.784, 0.976, 1.117, 1.285, 1.474, 1.683, 1.906, 2.139, 2.379, 2.622, 2.864, 3.103, 3.334, 3.555, 3.764, 3.958, 4.136, 4.297, 4.439, 4.561, 4.665, 4.749, 4.814, 4.861, 4.888, 4.897
2300, 1, 1.003, 0.906, 0.778, 0.719, 0.781, 0.976, 1.119, 1.289, 1.481, 1.692, 1.918, 2.155, 2.399, 2.646, 2.892, 3.134, 3.37, 3.595, 3.808, 4.007, 4.188, 4.352, 4.497, 4.623, 4.729, 4.815, 4.882, 4.929, 4.957, 4.967
2320, 1, 1.002, 0.904, 0.774, 0.715, 0.778, 0.976, 1.121, 1.293, 1.488, 1.702, 1.931, 2.171, 2.419, 2.669, 2.92, 3.166, 3.406, 3.636, 3.853, 4.055, 4.241, 4.408, 4.556, 4.685, 4.793, 4.881, 4.95, 4.998, 5.027, 5.037
2340, 1, 1.002, 0.902, 0.771, 0.711, 0.775, 0.976, 1.123, 1.297, 1.494, 1.712, 1.944, 2.188, 2.438, 2.693, 2.947, 3.198, 3.442, 3.676, 3.897, 4.104, 4.293, 4.464, 4.616, 4.747, 4.857, 4.948, 5.017, 5.067, 5.096, 5.106
2360, 1, 1.002, 0.901, 0.768, 0.707, 0.772, 0.975, 1.124, 1.301, 1.501, 1.721, 1.956, 2.203, 2.458, 2.716, 2.975, 3.23, 3.478, 3.716, 3.942, 4.152, 4.345, 4.52, 4.675, 4.809, 4.922, 5.014, 5.085, 5.136, 5.166, 5.176
2380, 1, 1.002, 0.899, 0.764, 0.703, 0.769, 0.975, 1.126, 1.304, 1.507, 1.73, 1.969, 2.219, 2.477, 2.74, 3.002, 3.261, 3.513, 3.756, 3.986, 4.2, 4.397, 4.576, 4.734, 4.871, 4.987, 5.081, 5.154, 5.205, 5.236, 5.247
2400, 1, 1.002, 0.897, 0.76, 0.698, 0.766, 0.974, 1.127, 1.308, 1.514, 1.739, 1.981, 2.235, 2.497, 2.763, 3.029, 3.292, 3.549, 3.796, 4.029, 4.248, 4.45, 4.631, 4.793, 4.933, 5.051, 5.147, 5.222, 5.275, 5.306, 5.317
2420, 1, 1.002, 0.895, 0.757, 0.694, 0.762, 0.973, 1.128, 1.312, 1.52, 1.748, 1.993, 2.25, 2.515, 2.785, 3.055, 3.323, 3.584, 3.835, 4.073, 4.296, 4.501, 4.687, 4.851, 4.995, 5.115, 5.214, 5.29, 5.344, 5.376, 5.387
2440, 1, 1.001, 0.893, 0.753, 0.689, 0.758, 0.972, 1.129, 1.315, 1.526, 1.757, 2.005, 2.265, 2.534, 2.808, 3.082, 3.353, 3.618, 3.874, 4.116, 4.343, 4.552, 4.742, 4.91, 5.056, 5.179, 5.28, 5.358, 5.413, 5.446, 5.457
2460, 1, 1.001, 0.891, 0.749, 0.684, 0.754, 0.971, 1.13, 1.318, 1.531, 1.766, 2.017, 2.28, 2.553, 2.83, 3.108, 3.383, 3.652, 3.912, 4.159, 4.39, 4.603, 4.796, 4.967, 5.117, 5.242, 5.345, 5.425, 5.481, 5.515, 5.527
2480, 1, 1.001, 0.889, 0.744, 0.679, 0.75, 0.969, 1.13, 1.321, 1.537, 1.774, 2.028, 2.295, 2.571, 2.852, 3.133, 3.412, 3.686, 3.949, 4.2, 4.435, 4.652, 4.849, 5.024, 5.176, 5.305, 5.41, 5.491, 5.549, 5.584, 5.595
2500, 1, 1.001, 0.887, 0.74, 0.672, 0.745, 0.967, 1.131, 1.324, 1.542, 1.782, 2.04, 2.31, 2.589, 2.873, 3.158, 3.441, 3.718, 3.985, 4.24, 4.479, 4.7, 4.9, 5.079, 5.234, 5.365, 5.473, 5.556, 5.615, 5.65, 5.662
2520, 1, 1.001, 0.885, 0.735, 0.666, 0.739, 0.965, 1.13, 1.326, 1.547, 1.791, 2.051, 2.324, 2.606, 2.893, 3.182, 3.468, 3.748, 4.019, 4.278, 4.52, 4.745, 4.949, 5.13, 5.289, 5.423, 5.533, 5.618, 5.678, 5.714, 5.726
2540, 1, 1.001, 0.883, 0.729, 0.658, 0.732, 0.961, 1.129, 1.328, 1.553, 1.799, 2.062, 2.338, 2.623, 2.913, 3.204, 3.493, 3.777, 4.051, 4.312, 4.558, 4.786, 4.993, 5.178, 5.339, 5.476, 5.588, 5.675, 5.737, 5.774, 5.786
2560, 1, 1.001, 0.88, 0.722, 0.648, 0.723, 0.957, 1.128, 1.33, 1.558, 1.807, 2.073, 2.352, 2.639, 2.932, 3.225, 3.516, 3.801, 4.077, 4.341, 4.589, 4.819, 5.029, 5.217, 5.381, 5.52, 5.634, 5.723, 5.786, 5.824, 5.837
2580, 1, 1.001, 0.876, 0.713, 0.636, 0.712, 0.952, 1.126, 1.332, 1.564, 1.817, 2.086, 2.367, 2.656, 2.949, 3.243, 3.534, 3.819, 4.096, 4.359, 4.609, 4.84, 5.051, 5.24, 5.406, 5.547, 5.663, 5.753, 5.818, 5.857, 5.87
2600, 1, 1.002, 0.872, 0.7, 0.619, 0.697, 0.945, 1.125, 1.337, 1.574, 1.831, 2.103, 2.385, 2.674, 2.966, 3.257, 3.544, 3.825, 4.097, 4.357, 4.602, 4.831, 5.04, 5.228, 5.394, 5.535, 5.652, 5.743, 5.809, 5.848, 5.861
2620, 1, 1.003, 0.864, 0.679, 0.591, 0.675, 0.941, 1.132, 1.353, 1.599, 1.863, 2.137, 2.419, 2.703, 2.985, 3.264, 3.537, 3.801, 4.056, 4.299, 4.528, 4.743, 4.94, 5.118, 5.276, 5.412, 5.524, 5.613, 5.677, 5.716, 5.729
2630, 1, 1.004, 0.857, 0.66, 0.569, 0.663, 0.947, 1.149, 1.381, 1.635, 1.903, 2.179, 2.458, 2.734, 3.004, 3.267, 3.52, 3.763, 3.995, 4.215, 4.423, 4.616, 4.795, 4.957, 5.102, 5.227, 5.332, 5.415, 5.474, 5.511, 5.523
2640, 1, 1.004, 0.842, 0.628, 0.538, 0.656, 0.981, 1.205, 1.457, 1.726, 2.004, 2.281, 2.551, 2.809, 3.053, 3.279, 3.49, 3.685, 3.865, 4.032, 4.188, 4.332, 4.466, 4.588, 4.698, 4.794, 4.876, 4.941, 4.989, 5.018, 5.028
2645, 1, 1.004, 0.828, 0.604, 0.521, 0.666, 1.031, 1.276, 1.546, 1.83, 2.115, 2.393, 2.654, 2.894, 3.111, 3.303, 3.471, 3.619, 3.748, 3.862, 3.965, 4.058, 4.144, 4.223, 4.294, 4.358, 4.413, 4.458, 4.492, 4.512, 4.519
2650, 1, 1.002, 0.806, 0.573, 0.509, 0.706, 1.141, 1.42, 1.721, 2.027, 2.325, 2.602, 2.849, 3.059, 3.231, 3.365, 3.463, 3.53, 3.572, 3.596, 3.607, 3.61, 3.61, 3.61, 3.612, 3.615, 3.62, 3.625, 3.631, 3.634, 3.635
2655, 1, 0.995, 0.772, 0.54, 0.529, 0.824, 1.378, 1.714, 2.062, 2.404, 2.72, 2.995, 3.218, 3.382, 3.483, 3.523, 3.508, 3.444, 3.343, 3.215, 3.07, 2.918, 2.769, 2.628, 2.501, 2.392, 2.302, 2.232, 2.182, 2.153, 2.143
2657, 1, 0.99, 0.756, 0.533, 0.559, 0.91, 1.526, 1.889, 2.26, 2.618, 2.943, 3.217, 3.428, 3.569, 3.637, 3.632, 3.562, 3.436, 3.264, 3.059, 2.835, 2.603, 2.375, 2.159, 1.962, 1.79, 1.647, 1.534, 1.453, 1.404, 1.388
2660, 1, 0.979, 0.736, 0.546, 0.643, 1.083, 1.784, 2.184, 2.584, 2.962, 3.296, 3.569, 3.766, 3.879, 3.905, 3.845, 3.706, 3.498, 3.233, 2.926, 2.592, 2.247, 1.904, 1.576, 1.273, 1.005, 0.778, 0.597, 0.465, 0.385, 0.358
2661, 1, 0.975, 0.733, 0.558, 0.68, 1.145, 1.867, 2.273, 2.679, 3.06, 3.395, 3.667, 3.862, 3.971, 3.99, 3.921, 3.769, 3.545, 3.262, 2.934, 2.576, 2.204, 1.834, 1.477, 1.147, 0.853, 0.602, 0.401, 0.255, 0.166, 0.137
2662, 1, 0.971, 0.732, 0.575, 0.72, 1.205, 1.939, 2.348, 2.755, 3.137, 3.473, 3.744, 3.938, 4.046, 4.063, 3.992, 3.837, 3.607, 3.315, 2.976, 2.605, 2.217, 1.828, 1.452, 1.102, 0.788, 0.52, 0.304, 0.146, 0.05, 0.018
2663, 1, 0.968, 0.734, 0.595, 0.761, 1.259, 1.995, 2.403, 2.808, 3.188, 3.522, 3.793, 3.988, 4.099, 4.121, 4.054, 3.905, 3.68, 3.392, 3.054, 2.681, 2.29, 1.894, 1.51, 1.149, 0.824, 0.545, 0.32, 0.154, 0.053, 0.019
2664, 1, 0.965, 0.738, 0.618, 0.799, 1.302, 2.032, 2.434, 2.833, 3.207, 3.538, 3.809, 4.008, 4.126, 4.158, 4.105, 3.97, 3.76, 3.487, 3.163, 2.803, 2.42, 2.03, 1.648, 1.288, 0.961, 0.679, 0.45, 0.281, 0.178, 0.144
2665, 1, 0.963, 0.745, 0.642, 0.834, 1.334, 2.048, 2.44, 2.829, 3.196, 3.523, 3.794, 3.998, 4.126, 4.174, 4.14, 4.028, 3.844, 3.597, 3.298, 2.961, 2.598, 2.226, 1.858, 1.508, 1.189, 0.911, 0.685, 0.518, 0.416, 0.381
2670, 1, 0.962, 0.795, 0.741, 0.92, 1.327, 1.893, 2.208, 2.528, 2.843, 3.142, 3.416, 3.657, 3.858, 4.013, 4.119, 4.175, 4.178, 4.132, 4.04, 3.907, 3.74, 3.55, 3.345, 3.136, 2.936, 2.754, 2.601, 2.486, 2.413, 2.389
2675, 1, 0.969, 0.832, 0.78, 0.905, 1.207, 1.643, 1.897, 2.164, 2.441, 2.721, 2.998, 3.267, 3.523, 3.76, 3.973, 4.157, 4.309, 4.425, 4.503, 4.545, 4.552, 4.528, 4.478, 4.411, 4.334, 4.256, 4.186, 4.129, 4.093, 4.081
2680, 1, 0.975, 0.851, 0.788, 0.869, 1.102, 1.464, 1.684, 1.924, 2.181, 2.451, 2.73, 3.015, 3.3, 3.58, 3.851, 4.105, 4.338, 4.543, 4.718, 4.86, 4.968, 5.043, 5.088, 5.108, 5.109, 5.098, 5.08, 5.063, 5.05, 5.046
2700, 1, 0.986, 0.87, 0.769, 0.772, 0.911, 1.185, 1.368, 1.58, 1.818, 2.081, 2.365, 2.669, 2.987, 3.317, 3.651, 3.984, 4.309, 4.62, 4.91, 5.175, 5.41, 5.613, 5.783, 5.92, 6.028, 6.11, 6.168, 6.206, 6.228, 6.235
2720, 1, 0.989, 0.871, 0.753, 0.732, 0.849, 1.107, 1.286, 1.495, 1.733, 1.997, 2.285, 2.594, 2.92, 3.259, 3.606, 3.955, 4.299, 4.632, 4.947, 5.24, 5.504, 5.737, 5.937, 6.105, 6.24, 6.345, 6.423, 6.477, 6.508, 6.518
2740, 1, 0.991, 0.87, 0.742, 0.71, 0.818, 1.073, 1.252, 1.462, 1.702, 1.968, 2.259, 2.571, 2.902, 3.246, 3.6, 3.956, 4.309, 4.653, 4.98, 5.285, 5.563, 5.81, 6.024, 6.205, 6.353, 6.47, 6.557, 6.617, 6.652, 6.664
2760, 1, 0.992, 0.868, 0.733, 0.695, 0.8, 1.054, 1.234, 1.446, 1.688, 1.957, 2.25, 2.566, 2.9, 3.249, 3.607, 3.97, 4.33, 4.681, 5.016, 5.33, 5.617, 5.874, 6.098, 6.288, 6.444, 6.567, 6.66, 6.724, 6.762, 6.775
2780, 1, 0.992, 0.866, 0.726, 0.684, 0.787, 1.043, 1.224, 1.438, 1.681, 1.953, 2.249, 2.568, 2.905, 3.258, 3.621, 3.989, 4.355, 4.713, 5.056, 5.378, 5.673, 5.937, 6.169, 6.365, 6.527, 6.656, 6.753, 6.821, 6.861, 6.874
2800, 1, 0.992, 0.863, 0.72, 0.675, 0.777, 1.035, 1.218, 1.433, 1.679, 1.952, 2.251, 2.573, 2.914, 3.271, 3.639, 4.012, 4.384, 4.749, 5.098, 5.428, 5.73, 6.002, 6.239, 6.442, 6.61, 6.743, 6.843, 6.913, 6.955, 6.968
2820, 1, 0.992, 0.861, 0.715, 0.667, 0.77, 1.029, 1.213, 1.43, 1.678, 1.954, 2.255, 2.58, 2.925, 3.286, 3.658, 4.037, 4.415, 4.786, 5.143, 5.479, 5.789, 6.067, 6.311, 6.52, 6.692, 6.829, 6.933, 7.005, 7.048, 7.061
2840, 1, 0.992, 0.859, 0.71, 0.66, 0.763, 1.025, 1.21, 1.429, 1.679, 1.957, 2.261, 2.588, 2.936, 3.301, 3.679, 4.063, 4.448, 4.826, 5.189, 5.533, 5.849, 6.134, 6.384, 6.598, 6.775, 6.916, 7.022, 7.097, 7.14, 7.155
2860, 1, 0.992, 0.857, 0.705, 0.654, 0.758, 1.021, 1.208, 1.429, 1.68, 1.96, 2.267, 2.597, 2.949, 3.318, 3.7, 4.09, 4.481, 4.866, 5.237, 5.588, 5.911, 6.203, 6.459, 6.678, 6.859, 7.004, 7.113, 7.189, 7.234, 7.249
2880, 1, 0.992, 0.855, 0.701, 0.649, 0.752, 1.018, 1.207, 1.429, 1.682, 1.964, 2.273, 2.606, 2.961, 3.335, 3.722, 4.118, 4.516, 4.907, 5.286, 5.644, 5.974, 6.273, 6.535, 6.759, 6.945, 7.093, 7.205, 7.283, 7.329, 7.344
2900, 1, 0.991, 0.852, 0.696, 0.643, 0.748, 1.016, 1.206, 1.429, 1.684, 1.968, 2.279, 2.615, 2.974, 3.352, 3.745, 4.146, 4.551, 4.95, 5.336, 5.701, 6.039, 6.344, 6.613, 6.842, 7.032, 7.184, 7.298, 7.378, 7.425, 7.44
2920, 1, 0.991, 0.85, 0.692, 0.638, 0.744, 1.014, 1.205, 1.43, 1.686, 1.972, 2.285, 2.624, 2.987, 3.369, 3.767, 4.175, 4.586, 4.993, 5.386, 5.76, 6.105, 6.417, 6.692, 6.927, 7.121, 7.276, 7.393, 7.474, 7.522, 7.538
2940, 1, 0.991, 0.848, 0.687, 0.633, 0.74, 1.012, 1.204, 1.43, 1.688, 1.976, 2.292, 2.633, 2.999, 3.386, 3.789, 4.204, 4.622, 5.036, 5.438, 5.819, 6.172, 6.492, 6.772, 7.013, 7.212, 7.37, 7.489, 7.573, 7.622, 7.638
2960, 1, 0.991, 0.846, 0.683, 0.628, 0.736, 1.01, 1.204, 1.431, 1.691, 1.98, 2.298, 2.642, 3.012, 3.403, 3.812, 4.233, 4.658, 5.08, 5.49, 5.88, 6.241, 6.567, 6.855, 7.101, 7.304, 7.466, 7.588, 7.673, 7.723, 7.739
2980, 1, 0.99, 0.843, 0.678, 0.623, 0.732, 1.008, 1.203, 1.432, 1.693, 1.984, 2.304, 2.651, 3.024, 3.42, 3.834, 4.262, 4.695, 5.125, 5.544, 5.942, 6.311, 6.645, 6.939, 7.19, 7.398, 7.563, 7.688, 7.775, 7.826, 7.842
3000, 1, 0.99, 0.841, 0.674, 0.618, 0.729, 1.007, 1.203, 1.433, 1.695, 1.988, 2.309, 2.659, 3.036, 3.436, 3.857, 4.291, 4.732, 5.171, 5.598, 6.005, 6.382, 6.724, 7.025, 7.282, 7.494, 7.663, 7.79, 7.879, 7.931, 7.948
3020, 1, 0.99, 0.838, 0.67, 0.614, 0.725, 1.006, 1.203, 1.434, 1.697, 1.991, 2.314, 2.667, 3.047, 3.453, 3.879, 4.32, 4.769, 5.217, 5.653, 6.069, 6.455, 6.805, 7.113, 7.375, 7.593, 7.765, 7.895, 7.985, 8.038, 8.055
3040, 1, 0.989, 0.836, 0.665, 0.609, 0.722, 1.004, 1.202, 1.434, 1.699, 1.994, 2.32, 2.675, 3.058, 3.469, 3.901, 4.349, 4.807, 5.263, 5.709, 6.134, 6.529, 6.887, 7.202, 7.471, 7.693, 7.869, 8.002, 8.094, 8.147, 8.165
3060, 1, 0.989, 0.833, 0.661, 0.604, 0.719, 1.003, 1.202, 1.435, 1.7, 1.997, 2.324, 2.682, 3.069, 3.484, 3.923, 4.379, 4.845, 5.31, 5.766, 6.201, 6.605, 6.972, 7.294, 7.569, 7.796, 7.976, 8.111, 8.204, 8.259, 8.277
3080, 1, 0.989, 0.831, 0.657, 0.6, 0.715, 1.002, 1.202, 1.435, 1.702, 1.999, 2.328, 2.688, 3.08, 3.499, 3.944, 4.408, 4.883, 5.358, 5.824, 6.269, 6.683, 7.058, 7.388, 7.669, 7.901, 8.085, 8.223, 8.318, 8.373, 8.392
3100, 1, 0.988, 0.828, 0.652, 0.595, 0.712, 1, 1.201, 1.436, 1.703, 2.001, 2.332, 2.695, 3.09, 3.514, 3.966, 4.438, 4.921, 5.407, 5.883, 6.338, 6.762, 7.146, 7.484, 7.772, 8.009, 8.196, 8.337, 8.434, 8.49, 8.509
3120, 1, 0.988, 0.826, 0.648, 0.591, 0.709, 0.999, 1.2, 1.436, 1.704, 2.003, 2.335, 2.7, 3.099, 3.529, 3.987, 4.467, 4.96, 5.456, 5.943, 6.409, 6.843, 7.237, 7.582, 7.877, 8.119, 8.31, 8.453, 8.552, 8.61, 8.629
3140, 1, 0.987, 0.823, 0.643, 0.586, 0.706, 0.998, 1.2, 1.436, 1.704, 2.004, 2.338, 2.706, 3.108, 3.543, 4.008, 4.497, 5, 5.506, 6.005, 6.482, 6.926, 7.329, 7.683, 7.985, 8.232, 8.427, 8.573, 8.673, 8.732, 8.751
3160, 1, 0.987, 0.82, 0.638, 0.581, 0.703, 0.996, 1.199, 1.435, 1.704, 2.005, 2.34, 2.71, 3.116, 3.557, 4.029, 4.527, 5.04, 5.558, 6.067, 6.556, 7.012, 7.424, 7.787, 8.095, 8.348, 8.547, 8.695, 8.797, 8.857, 8.876
3180, 1, 0.986, 0.817, 0.634, 0.577, 0.7, 0.995, 1.198, 1.435, 1.704, 2.006, 2.342, 2.714, 3.124, 3.571, 4.05, 4.556, 5.08, 5.61, 6.132, 6.632, 7.099, 7.522, 7.893, 8.208, 8.466, 8.669, 8.82, 8.924, 8.985, 9.004
3200, 1, 0.986, 0.815, 0.629, 0.572, 0.697, 0.994, 1.197, 1.434, 1.703, 2.006, 2.343, 2.718, 3.132, 3.584, 4.071, 4.587, 5.122, 5.663, 6.197, 6.71, 7.189, 7.622, 8.002, 8.324, 8.588, 8.795, 8.948, 9.054, 9.115, 9.135
3220, 1, 0.986, 0.811, 0.624, 0.568, 0.694, 0.992, 1.196, 1.433, 1.702, 2.005, 2.344, 2.721, 3.139, 3.596, 4.092, 4.617, 5.164, 5.718, 6.265, 6.79, 7.281, 7.725, 8.114, 8.443, 8.712, 8.923, 9.079, 9.186, 9.248, 9.269
3240, 1, 0.985, 0.808, 0.619, 0.563, 0.691, 0.991, 1.195, 1.432, 1.701, 2.004, 2.343, 2.723, 3.145, 3.609, 4.112, 4.648, 5.206, 5.773, 6.334, 6.873, 7.376, 7.831, 8.229, 8.565, 8.84, 9.054, 9.213, 9.321, 9.384, 9.404
3260, 1, 0.985, 0.805, 0.614, 0.558, 0.689, 0.989, 1.194, 1.43, 1.699, 2.002, 2.343, 2.724, 3.151, 3.621, 4.133, 4.68, 5.25, 5.831, 6.405, 6.958, 7.473, 7.939, 8.346, 8.69, 8.97, 9.188, 9.349, 9.458, 9.522, 9.542
3280, 1, 0.984, 0.802, 0.609, 0.554, 0.686, 0.988, 1.192, 1.428, 1.696, 1.999, 2.341, 2.726, 3.156, 3.633, 4.155, 4.713, 5.296, 5.89, 6.479, 7.046, 7.574, 8.051, 8.467, 8.818, 9.103, 9.324, 9.487, 9.597, 9.661, 9.682
3300, 1, 0.983, 0.799, 0.604, 0.549, 0.683, 0.986, 1.19, 1.425, 1.693, 1.996, 2.339, 2.726, 3.161, 3.646, 4.176, 4.746, 5.343, 5.952, 6.556, 7.136, 7.677, 8.165, 8.59, 8.948, 9.237, 9.461, 9.626, 9.737, 9.8, 9.821
3320, 1, 0.983, 0.795, 0.599, 0.545, 0.68, 0.984, 1.188, 1.422, 1.689, 1.992, 2.336, 2.726, 3.166, 3.658, 4.199, 4.781, 5.392, 6.016, 6.635, 7.23, 7.784, 8.282, 8.716, 9.079, 9.372, 9.598, 9.764, 9.875, 9.939, 9.96
3340, 1, 0.982, 0.792, 0.593, 0.54, 0.678, 0.982, 1.185, 1.418, 1.684, 1.987, 2.332, 2.725, 3.171, 3.671, 4.223, 4.819, 5.444, 6.084, 6.718, 7.327, 7.893, 8.401, 8.842, 9.211, 9.506, 9.734, 9.899, 10.01, 10.073, 10.093
3360, 1, 0.982, 0.788, 0.588, 0.535, 0.675, 0.979, 1.181, 1.414, 1.679, 1.981, 2.327, 2.724, 3.176, 3.686, 4.25, 4.859, 5.501, 6.156, 6.805, 7.428, 8.005, 8.522, 8.968, 9.34, 9.636, 9.863, 10.026, 10.135, 10.197, 10.217
3380, 1, 0.981, 0.784, 0.582, 0.531, 0.672, 0.976, 1.177, 1.407, 1.671, 1.974, 2.322, 2.723, 3.183, 3.704, 4.281, 4.906, 5.564, 6.235, 6.898, 7.533, 8.119, 8.642, 9.09, 9.461, 9.755, 9.977, 10.136, 10.241, 10.3, 10.32
3400, 1, 0.98, 0.779, 0.576, 0.527, 0.67, 0.972, 1.17, 1.399, 1.661, 1.964, 2.316, 2.724, 3.194, 3.728, 4.322, 4.964, 5.638, 6.325, 7.001, 7.644, 8.234, 8.756, 9.2, 9.563, 9.847, 10.059, 10.209, 10.306, 10.36, 10.377
3420, 1, 0.979, 0.774, 0.569, 0.523, 0.667, 0.965, 1.16, 1.386, 1.647, 1.952, 2.309, 2.728, 3.214, 3.768, 4.382, 5.045, 5.737, 6.437, 7.12, 7.763, 8.345, 8.852, 9.276, 9.615, 9.874, 10.062, 10.191, 10.272, 10.316, 10.329
3430, 1, 0.978, 0.771, 0.566, 0.521, 0.666, 0.96, 1.152, 1.376, 1.636, 1.943, 2.306, 2.735, 3.233, 3.8, 4.429, 5.105, 5.807, 6.512, 7.193, 7.827, 8.395, 8.882, 9.283, 9.597, 9.83, 9.995, 10.103, 10.169, 10.203, 10.214
3435, 1, 0.978, 0.769, 0.564, 0.52, 0.665, 0.956, 1.147, 1.369, 1.629, 1.938, 2.305, 2.74, 3.247, 3.823, 4.462, 5.145, 5.853, 6.558, 7.236, 7.862, 8.417, 8.889, 9.271, 9.565, 9.779, 9.926, 10.02, 10.074, 10.101, 10.11
3440, 1, 0.977, 0.767, 0.562, 0.52, 0.664, 0.951, 1.139, 1.36, 1.62, 1.932, 2.304, 2.748, 3.265, 3.854, 4.504, 5.197, 5.909, 6.615, 7.287, 7.9, 8.437, 8.885, 9.241, 9.508, 9.697, 9.819, 9.892, 9.932, 9.95, 9.954
3445, 1, 0.977, 0.764, 0.56, 0.52, 0.663, 0.945, 1.129, 1.348, 1.609, 1.924, 2.304, 2.76, 3.292, 3.897, 4.562, 5.267, 5.985, 6.688, 7.349, 7.943, 8.452, 8.867, 9.185, 9.413, 9.563, 9.651, 9.696, 9.714, 9.718, 9.719
3450, 1, 0.976, 0.76, 0.557, 0.52, 0.662, 0.935, 1.115, 1.33, 1.592, 1.913, 2.306, 2.779, 3.334, 3.962, 4.649, 5.369, 6.093, 6.791, 7.433, 7.995, 8.46, 8.822, 9.082, 9.25, 9.343, 9.379, 9.381, 9.366, 9.351, 9.344
3455, 1, 0.975, 0.755, 0.554, 0.522, 0.66, 0.918, 1.09, 1.301, 1.565, 1.897, 2.311, 2.814, 3.405, 4.072, 4.793, 5.538, 6.27, 6.956, 7.563, 8.068, 8.458, 8.73, 8.892, 8.959, 8.956, 8.906, 8.836, 8.768, 8.72, 8.702
3458, 1, 0.973, 0.75, 0.552, 0.524, 0.658, 0.902, 1.066, 1.273, 1.539, 1.883, 2.318, 2.852, 3.48, 4.185, 4.94, 5.707, 6.446, 7.119, 7.69, 8.138, 8.452, 8.634, 8.697, 8.665, 8.566, 8.432, 8.291, 8.171, 8.091, 8.062
3460, 1, 0.972, 0.746, 0.55, 0.526, 0.656, 0.885, 1.042, 1.245, 1.514, 1.87, 2.327, 2.892, 3.557, 4.3, 5.088, 5.878, 6.624, 7.283, 7.819, 8.21, 8.449, 8.542, 8.508, 8.378, 8.186, 7.968, 7.758, 7.587, 7.475, 7.436
3462, 1, 0.97, 0.739, 0.547, 0.531, 0.654, 0.86, 1.006, 1.204, 1.478, 1.852, 2.343, 2.955, 3.676, 4.477, 5.316, 6.14, 6.897, 7.536, 8.02, 8.328, 8.456, 8.418, 8.243, 7.969, 7.64, 7.301, 6.991, 6.745, 6.587, 6.533
3465, 1, 0.964, 0.721, 0.543, 0.545, 0.646, 0.784, 0.899, 1.084, 1.377, 1.812, 2.408, 3.165, 4.056, 5.033, 6.027, 6.96, 7.754, 8.345, 8.688, 8.765, 8.586, 8.185, 7.617, 6.945, 6.24, 5.567, 4.982, 4.532, 4.249, 4.152
3466, 1, 0.96, 0.709, 0.542, 0.556, 0.639, 0.734, 0.829, 1.008, 1.317, 1.795, 2.464, 3.319, 4.326, 5.421, 6.521, 7.529, 8.356, 8.925, 9.188, 9.131, 8.771, 8.156, 7.355, 6.45, 5.524, 4.654, 3.91, 3.341, 2.986, 2.865
3467, 1, 0.952, 0.692, 0.544, 0.575, 0.628, 0.651, 0.717, 0.889, 1.229, 1.782, 2.575, 3.595, 4.793, 6.085, 7.362, 8.502, 9.393, 9.944, 10.104, 9.861, 9.246, 8.328, 7.197, 5.961, 4.724, 3.581, 2.613, 1.88, 1.424, 1.27
3468, 1, 0.937, 0.665, 0.557, 0.615, 0.604, 0.496, 0.516, 0.691, 1.101, 1.811, 2.846, 4.183, 5.747, 7.414, 9.034, 10.444, 11.496, 12.08, 12.136, 11.664, 10.716, 9.394, 7.826, 6.152, 4.508, 3.013, 1.762, 0.824, 0.245, 0.049
3469, 1, 0.899, 0.633, 0.633, 0.721, 0.535, 0.179, 0.154, 0.402, 1.04, 2.148, 3.748, 5.784, 8.133, 10.611, 13.004, 15.097, 16.705, 17.703, 18.037, 17.731, 16.875, 15.608, 14.095, 12.498, 10.962, 9.601, 8.492, 7.679, 7.187, 7.022
3470, 1, 0.873, 0.823, 0.946, 0.826, 0.435, 0.368, 0.712, 1.408, 2.483, 3.918, 5.661, 7.643, 9.802, 12.102, 14.546, 17.175, 20.064, 23.301, 26.961, 31.09, 35.678, 40.654, 45.879, 51.155, 56.243, 60.882, 64.812, 67.806, 69.679, 70.317
3471, 1, 0.974, 0.949, 0.791, 0.549, 0.61, 1.293, 1.835, 2.416, 2.94, 3.322, 3.511, 3.522, 3.444, 3.439, 3.728, 4.552, 6.139, 8.662, 12.205, 16.748, 22.16, 28.217, 34.623, 41.043, 47.137, 52.587, 57.117, 60.509, 62.607, 63.316
3472, 1, 0.99, 0.889, 0.668, 0.492, 0.657, 1.291, 1.715, 2.127, 2.457, 2.647, 2.676, 2.568, 2.4, 2.297, 2.416, 2.923, 3.963, 5.638, 7.988, 10.979, 14.508, 18.415, 22.5, 26.55, 30.352, 33.719, 36.493, 38.556, 39.825, 40.254
3475, 1, 0.988, 0.821, 0.591, 0.487, 0.669, 1.145, 1.442, 1.734, 1.99, 2.188, 2.326, 2.427, 2.533, 2.709, 3.026, 3.555, 4.353, 5.449, 6.844, 8.505, 10.37, 12.354, 14.362, 16.298, 18.072, 19.611, 20.857, 21.772, 22.329, 22.517
3478, 1, 0.985, 0.801, 0.575, 0.492, 0.668, 1.089, 1.35, 1.615, 1.863, 2.086, 2.286, 2.481, 2.705, 3.002, 3.417, 3.993, 4.761, 5.733, 6.897, 8.223, 9.661, 11.148, 12.619, 14.008, 15.259, 16.329, 17.185, 17.808, 18.184, 18.31
3480, 1, 0.984, 0.794, 0.57, 0.493, 0.667, 1.068, 1.317, 1.573, 1.821, 2.054, 2.277, 2.508, 2.775, 3.116, 3.569, 4.165, 4.928, 5.862, 6.954, 8.172, 9.471, 10.796, 12.091, 13.301, 14.382, 15.299, 16.028, 16.555, 16.872, 16.979
3490, 1, 0.981, 0.778, 0.558, 0.497, 0.664, 1.025, 1.249, 1.488, 1.735, 1.99, 2.264, 2.57, 2.931, 3.37, 3.906, 4.554, 5.318, 6.19, 7.148, 8.164, 9.199, 10.214, 11.17, 12.035, 12.786, 13.405, 13.887, 14.229, 14.432, 14.499
3500, 1, 0.979, 0.772, 0.552, 0.496, 0.662, 1.009, 1.225, 1.457, 1.704, 1.967, 2.257, 2.591, 2.986, 3.461, 4.032, 4.705, 5.478, 6.338, 7.264, 8.223, 9.181, 10.102, 10.955, 11.714, 12.361, 12.887, 13.29, 13.572, 13.739, 13.795
3510, 1, 0.978, 0.767, 0.548, 0.495, 0.661, 1.001, 1.212, 1.441, 1.686, 1.952, 2.251, 2.599, 3.012, 3.508, 4.099, 4.79, 5.574, 6.436, 7.352, 8.29, 9.217, 10.099, 10.906, 11.616, 12.215, 12.697, 13.063, 13.317, 13.467, 13.516
3520, 1, 0.978, 0.764, 0.544, 0.493, 0.66, 0.996, 1.204, 1.429, 1.673, 1.941, 2.245, 2.601, 3.026, 3.537, 4.143, 4.848, 5.643, 6.512, 7.429, 8.361, 9.275, 10.138, 10.921, 11.606, 12.179, 12.637, 12.982, 13.221, 13.36, 13.406
3530, 1, 0.977, 0.761, 0.54, 0.491, 0.659, 0.992, 1.198, 1.421, 1.663, 1.931, 2.238, 2.599, 3.034, 3.556, 4.175, 4.893, 5.7, 6.578, 7.5, 8.433, 9.343, 10.198, 10.971, 11.642, 12.2, 12.643, 12.976, 13.204, 13.337, 13.38
3540, 1, 0.977, 0.758, 0.537, 0.489, 0.658, 0.989, 1.193, 1.414, 1.654, 1.922, 2.23, 2.596, 3.038, 3.569, 4.2, 4.93, 5.749, 6.638, 7.568, 8.507, 9.419, 10.272, 11.04, 11.704, 12.254, 12.688, 13.012, 13.234, 13.363, 13.405
3560, 1, 0.975, 0.752, 0.53, 0.485, 0.656, 0.985, 1.185, 1.402, 1.639, 1.905, 2.214, 2.586, 3.038, 3.586, 4.237, 4.991, 5.836, 6.75, 7.703, 8.66, 9.585, 10.446, 11.216, 11.877, 12.42, 12.846, 13.161, 13.376, 13.499, 13.539
3580, 1, 0.974, 0.747, 0.523, 0.481, 0.655, 0.982, 1.179, 1.391, 1.624, 1.887, 2.196, 2.572, 3.033, 3.595, 4.266, 5.044, 5.916, 6.858, 7.838, 8.82, 9.766, 10.643, 11.424, 12.09, 12.635, 13.06, 13.372, 13.583, 13.704, 13.743
3600, 1, 0.973, 0.741, 0.516, 0.476, 0.654, 0.98, 1.173, 1.381, 1.609, 1.869, 2.177, 2.556, 3.025, 3.601, 4.291, 5.093, 5.993, 6.966, 7.977, 8.988, 9.96, 10.858, 11.655, 12.332, 12.883, 13.31, 13.622, 13.832, 13.952, 13.99
3620, 1, 0.972, 0.736, 0.508, 0.472, 0.653, 0.978, 1.168, 1.371, 1.595, 1.85, 2.156, 2.537, 3.014, 3.603, 4.313, 5.141, 6.071, 7.077, 8.122, 9.165, 10.167, 11.09, 11.906, 12.597, 13.157, 13.589, 13.902, 14.112, 14.232, 14.27
3640, 1, 0.971, 0.73, 0.501, 0.468, 0.653, 0.976, 1.163, 1.361, 1.579, 1.829, 2.134, 2.516, 3, 3.603, 4.334, 5.189, 6.151, 7.191, 8.273, 9.352, 10.386, 11.337, 12.175, 12.883, 13.454, 13.892, 14.208, 14.419, 14.538, 14.577
3660, 1, 0.97, 0.724, 0.493, 0.463, 0.652, 0.975, 1.157, 1.351, 1.563, 1.808, 2.11, 2.494, 2.985, 3.602, 4.354, 5.237, 6.233, 7.311, 8.431, 9.549, 10.618, 11.599, 12.462, 13.188, 13.772, 14.217, 14.537, 14.749, 14.869, 14.908
3680, 1, 0.969, 0.718, 0.486, 0.459, 0.653, 0.973, 1.152, 1.34, 1.545, 1.785, 2.084, 2.469, 2.968, 3.6, 4.375, 5.287, 6.319, 7.437, 8.599, 9.757, 10.864, 11.878, 12.768, 13.513, 14.11, 14.564, 14.888, 15.102, 15.222, 15.261
3700, 1, 0.967, 0.712, 0.478, 0.455, 0.653, 0.972, 1.147, 1.329, 1.527, 1.761, 2.056, 2.443, 2.95, 3.597, 4.395, 5.339, 6.409, 7.569, 8.775, 9.977, 11.124, 12.173, 13.091, 13.858, 14.469, 14.932, 15.261, 15.476, 15.596, 15.635
3720, 1, 0.966, 0.705, 0.47, 0.451, 0.654, 0.972, 1.142, 1.317, 1.508, 1.735, 2.027, 2.415, 2.93, 3.594, 4.417, 5.394, 6.504, 7.709, 8.963, 10.211, 11.4, 12.486, 13.434, 14.223, 14.849, 15.32, 15.654, 15.871, 15.992, 16.03
3740, 1, 0.964, 0.698, 0.462, 0.448, 0.656, 0.971, 1.137, 1.305, 1.488, 1.708, 1.996, 2.386, 2.909, 3.591, 4.44, 5.453, 6.605, 7.858, 9.161, 10.458, 11.693, 12.817, 13.796, 14.608, 15.25, 15.73, 16.068, 16.287, 16.407, 16.446
3760, 1, 0.963, 0.691, 0.453, 0.445, 0.658, 0.971, 1.131, 1.292, 1.467, 1.679, 1.963, 2.354, 2.888, 3.587, 4.466, 5.516, 6.714, 8.017, 9.373, 10.72, 12.002, 13.167, 14.179, 15.015, 15.672, 16.162, 16.503, 16.723, 16.843, 16.881
3780, 1, 0.961, 0.684, 0.445, 0.441, 0.661, 0.972, 1.126, 1.279, 1.444, 1.649, 1.929, 2.322, 2.865, 3.585, 4.494, 5.584, 6.83, 8.187, 9.598, 10.999, 12.331, 13.538, 14.583, 15.443, 16.116, 16.614, 16.959, 17.178, 17.298, 17.336
3800, 1, 0.959, 0.676, 0.436, 0.439, 0.664, 0.972, 1.121, 1.265, 1.421, 1.618, 1.893, 2.288, 2.842, 3.584, 4.525, 5.658, 6.955, 8.368, 9.837, 11.296, 12.679, 13.93, 15.009, 15.894, 16.582, 17.087, 17.435, 17.654, 17.772, 17.81
3820, 1, 0.957, 0.667, 0.427, 0.436, 0.669, 0.974, 1.116, 1.251, 1.397, 1.585, 1.855, 2.253, 2.819, 3.584, 4.56, 5.739, 7.089, 8.563, 10.094, 11.612, 13.048, 14.344, 15.458, 16.367, 17.069, 17.581, 17.93, 18.147, 18.264, 18.3
3840, 1, 0.955, 0.659, 0.418, 0.435, 0.674, 0.976, 1.111, 1.236, 1.371, 1.55, 1.816, 2.217, 2.797, 3.587, 4.6, 5.827, 7.236, 8.772, 10.368, 11.948, 13.44, 14.782, 15.93, 16.862, 17.578, 18.095, 18.443, 18.657, 18.77, 18.806
3860, 1, 0.953, 0.65, 0.409, 0.433, 0.681, 0.979, 1.106, 1.221, 1.345, 1.515, 1.776, 2.181, 2.776, 3.593, 4.646, 5.925, 7.395, 8.998, 10.661, 12.306, 13.855, 15.243, 16.426, 17.38, 18.107, 18.626, 18.971, 19.181, 19.29, 19.324
3880, 1, 0.95, 0.64, 0.399, 0.433, 0.688, 0.983, 1.102, 1.206, 1.318, 1.478, 1.736, 2.146, 2.756, 3.603, 4.699, 6.034, 7.569, 9.242, 10.976, 12.687, 14.294, 15.729, 16.945, 17.92, 18.655, 19.174, 19.513, 19.715, 19.818, 19.85
3900, 1, 0.947, 0.63, 0.39, 0.433, 0.698, 0.988, 1.099, 1.191, 1.291, 1.441, 1.695, 2.111, 2.74, 3.619, 4.762, 6.156, 7.759, 9.506, 11.315, 13.094, 14.76, 16.241, 17.488, 18.479, 19.219, 19.733, 20.063, 20.255, 20.35, 20.378
3920, 1, 0.945, 0.62, 0.38, 0.434, 0.709, 0.994, 1.096, 1.176, 1.264, 1.404, 1.654, 2.077, 2.727, 3.641, 4.835, 6.293, 7.969, 9.794, 11.678, 13.528, 15.252, 16.777, 18.053, 19.057, 19.796, 20.3, 20.615, 20.793, 20.878, 20.902
3940, 1, 0.941, 0.608, 0.37, 0.437, 0.722, 1.002, 1.095, 1.162, 1.236, 1.366, 1.615, 2.046, 2.719, 3.673, 4.922, 6.447, 8.201, 10.107, 12.07, 13.991, 15.773, 17.339, 18.638, 19.648, 20.38, 20.868, 21.162, 21.32, 21.391, 21.411
3960, 1, 0.938, 0.597, 0.36, 0.44, 0.737, 1.013, 1.095, 1.149, 1.21, 1.33, 1.577, 2.02, 2.719, 3.716, 5.024, 6.623, 8.459, 10.449, 12.494, 14.485, 16.323, 17.925, 19.241, 20.25, 20.965, 21.427, 21.693, 21.825, 21.878, 21.892
3980, 1, 0.934, 0.584, 0.351, 0.446, 0.756, 1.026, 1.097, 1.137, 1.184, 1.295, 1.542, 1.998, 2.728, 3.773, 5.146, 6.824, 8.746, 10.825, 12.952, 15.013, 16.902, 18.534, 19.858, 20.854, 21.542, 21.966, 22.193, 22.291, 22.321, 22.326
4000, 1, 0.93, 0.57, 0.341, 0.453, 0.778, 1.043, 1.102, 1.128, 1.16, 1.263, 1.512, 1.985, 2.749, 3.849, 5.293, 7.055, 9.07, 11.24, 13.45, 15.577, 17.511, 19.164, 20.483, 21.452, 22.097, 22.469, 22.643, 22.696, 22.697, 22.691
4020, 1, 0.925, 0.556, 0.332, 0.464, 0.804, 1.063, 1.111, 1.121, 1.14, 1.235, 1.488, 1.982, 2.787, 3.947, 5.47, 7.324, 9.435, 11.699, 13.991, 16.181, 18.151, 19.811, 21.108, 22.032, 22.613, 22.915, 23.019, 23.013, 22.975, 22.957
4040, 1, 0.92, 0.541, 0.323, 0.477, 0.836, 1.089, 1.124, 1.119, 1.123, 1.212, 1.473, 1.993, 2.845, 4.074, 5.684, 7.637, 9.851, 12.212, 14.584, 16.829, 18.822, 20.472, 21.726, 22.579, 23.071, 23.275, 23.288, 23.207, 23.119, 23.084
4060, 1, 0.914, 0.524, 0.315, 0.495, 0.875, 1.122, 1.143, 1.121, 1.112, 1.197, 1.469, 2.021, 2.929, 4.237, 5.944, 8.006, 10.329, 12.789, 15.237, 17.526, 19.526, 21.141, 22.322, 23.073, 23.441, 23.517, 23.409, 23.231, 23.08, 23.022
4080, 1, 0.908, 0.507, 0.308, 0.519, 0.922, 1.163, 1.17, 1.131, 1.109, 1.192, 1.48, 2.073, 3.048, 4.446, 6.263, 8.444, 10.884, 13.443, 15.962, 18.281, 20.263, 21.813, 22.884, 23.489, 23.691, 23.596, 23.331, 23.027, 22.794, 22.708
</Data> 